20150902	0	190.11	195.00	189.20	194.61
20150907	0	192.60	194.00	188.65	188.71
20150908	0	188.46	190.47	185.00	189.32
20150909	0	190.14	193.87	190.14	191.86
20150910	0	190.38	193.30	189.14	193.21
20150911	0	191.88	194.10	191.05	192.91
20150914	0	192.43	202.80	187.90	202.53
20150915	0	198.01	202.02	195.12	202.00
20150916	0	200.01	209.54	197.73	204.55
20150917	0	202.60	205.80	197.61	198.00
20150918	0	198.60	200.89	198.00	199.43
20150921	0	198.01	200.70	198.00	199.30
20150922	0	200.77	201.18	198.98	199.27
20150923	0	197.15	198.99	194.10	194.72
20150924	0	195.80	196.28	192.80	194.00
20150925	0	193.99	194.90	189.50	193.46
20150928	0	191.48	192.30	189.23	191.38
20150929	0	189.55	191.37	188.30	190.17
20150930	0	190.23	191.48	190.17	190.31
20151008	0	198.78	201.58	197.00	197.52
20151009	0	198.78	198.90	196.50	196.95
20151012	0	199.00	204.49	197.85	198.09
20151013	0	198.09	200.09	198.09	198.74
20151014	0	198.98	199.50	197.01	197.83
20151015	0	198.16	200.37	197.56	199.99
20151016	0	201.22	202.40	199.41	200.74
20151019	0	204.94	204.94	201.90	202.72
20151020	0	202.02	202.88	201.18	201.97
20151021	0	202.08	202.55	197.01	200.31
20151022	0	200.24	202.73	199.43	202.53
20151023	0	205.80	217.60	205.55	210.98
20151026	0	212.00	218.30	208.00	217.73
20151027	0	217.10	217.68	212.58	215.25
20151028	0	214.99	214.99	211.90	212.44
20151029	0	212.00	214.79	212.00	213.00
20151030	0	212.95	215.80	212.12	213.86
20151102	0	214.60	215.86	212.50	212.56
20151103	0	212.92	215.76	208.40	209.71
20151104	0	210.58	216.00	210.11	214.98
20151105	0	214.60	223.28	213.50	216.56
20151106	0	217.35	218.60	215.56	218.42
20151109	0	222.00	224.66	219.00	220.83
20151110	0	220.00	224.12	219.16	222.38
20151111	0	222.01	223.00	218.60	220.15
20151112	0	220.23	223.00	219.38	220.01
20151113	0	218.10	219.50	214.83	215.11
20151116	0	212.50	216.50	212.00	213.78
20151117	0	214.72	217.50	213.14	214.36
20151118	0	213.59	216.00	213.59	214.66
20151119	0	214.00	216.00	213.90	215.03
20151120	0	215.14	215.78	213.10	213.72
20151123	0	213.00	213.84	212.51	212.62
20151124	0	212.39	213.28	210.00	211.69
20151125	0	211.70	213.00	210.40	212.98
20151126	0	213.49	213.79	211.83	212.84
20151127	0	212.49	212.54	206.63	207.74
20151130	0	208.04	214.78	207.79	214.31
20151201	0	213.00	213.95	211.00	213.80
20151202	0	214.48	227.00	212.00	221.58
20151203	0	219.00	221.40	216.70	220.20
20151204	0	219.96	219.96	215.01	215.31
20151207	0	215.00	216.98	213.20	214.51
20151208	0	214.55	214.55	211.46	211.94
20151209	0	211.58	215.05	211.50	214.47
20151210	0	215.00	216.20	211.99	212.96
20151211	0	212.50	212.50	210.50	211.41
20151214	0	210.19	214.88	209.00	214.10
20151215	0	213.80	214.59	212.08	214.51
20151216	0	214.41	214.64	212.59	213.91
20151217	0	214.39	216.88	214.00	215.86
20151218	0	215.50	219.15	215.11	216.88
20151221	0	218.00	229.18	218.00	227.03
20151222	0	226.80	226.80	223.28	225.03
20151223	0	225.45	226.69	222.70	223.00
20151224	0	223.98	225.68	223.20	224.78
20151225	0	225.00	225.66	222.88	224.50
20151228	0	225.48	226.00	219.00	219.12
20151229	0	218.62	220.44	218.51	219.83
20151230	0	220.18	220.66	217.52	218.86
20151231	0	218.22	219.50	217.82	218.19
20160104	0	218.00	218.00	209.99	210.02
20160105	0	210.00	213.97	207.51	212.82
20160106	0	212.78	213.66	209.30	212.18
20160107	0	208.99	208.99	200.03	202.23
20160108	0	204.17	208.00	200.00	204.63
20160111	0	203.16	203.79	199.40	199.86
20160112	0	201.10	202.10	196.00	196.79
20160113	0	199.10	206.00	198.60	199.78
20160114	0	197.11	205.98	195.51	204.82
20160115	0	204.75	206.18	198.00	199.00
20160118	0	198.00	202.40	197.20	199.43
20160119	0	201.00	210.33	200.01	210.24
20160120	0	207.00	210.16	201.01	202.32
20160121	0	201.26	204.59	199.90	200.26
20160122	0	203.11	203.40	198.81	202.74
20160125	0	203.00	203.49	201.50	202.77
20160126	0	200.99	204.47	198.50	199.01
20160127	0	199.98	200.89	195.70	199.93
20160128	0	199.75	199.75	195.62	196.64
20160129	0	197.48	202.50	197.00	200.65
20160201	0	202.10	202.80	199.89	201.29
20160202	0	202.00	204.80	200.64	204.55
20160203	0	202.58	204.56	201.50	203.66
20160204	0	204.80	205.88	203.54	204.99
20160205	0	204.99	205.18	202.53	203.87
20160215	0	200.00	203.00	199.60	200.41
20160216	0	200.56	208.00	200.56	203.92
20160217	0	203.74	204.92	200.51	202.30
20160218	0	203.20	203.60	201.10	201.71
20160219	0	201.62	203.18	201.13	203.11
20160222	0	206.00	208.32	206.00	207.80
20160223	0	207.77	214.98	207.02	212.41
20160224	0	212.20	218.03	211.01	217.74
20160225	0	218.80	220.48	212.13	212.41
20160226	0	213.10	219.25	211.26	216.84
20160229	0	218.99	220.88	206.80	214.91
20160301	0	215.96	220.30	210.40	218.42
20160302	0	219.00	225.50	218.67	224.22
20160303	0	225.00	231.98	221.66	227.81
20160304	0	226.88	240.16	225.01	238.78
20160307	0	238.11	240.00	231.05	233.64
20160308	0	233.30	233.30	227.00	229.21
20160309	0	227.00	232.65	226.10	227.44
20160310	0	228.99	233.70	228.00	228.06
20160311	0	226.54	231.88	225.50	228.05
20160314	0	230.76	233.50	222.20	224.57
20160315	0	224.80	234.39	224.34	231.92
20160316	0	230.22	232.50	225.00	228.61
20160317	0	230.00	234.10	228.30	229.56
20160318	0	232.00	232.26	225.78	226.00
20160321	0	226.66	232.02	226.65	231.98
20160322	0	232.26	238.18	231.50	234.49
20160323	0	235.20	237.00	232.68	234.97
20160324	0	235.00	245.40	231.30	242.66
20160325	0	242.50	249.79	241.02	244.98
20160328	0	244.98	253.38	244.98	249.58
20160329	0	249.60	251.00	244.44	248.11
20160330	0	249.00	250.40	245.48	248.66
20160331	0	249.84	250.30	246.99	247.64
20160401	0	248.95	250.49	244.54	245.09
20160405	0	243.00	247.50	243.00	245.52
20160406	0	245.80	257.60	245.80	257.21
20160407	0	256.89	257.48	252.62	254.11
20160408	0	252.00	255.89	248.20	249.86
20160411	0	250.50	255.18	243.50	243.72
20160412	0	243.70	245.00	242.10	244.92
20160413	0	245.40	248.63	241.70	242.24
20160414	0	242.38	244.83	241.00	242.76
20160415	0	242.64	244.98	241.20	244.90
20160418	0	242.80	246.00	242.50	243.68
20160419	0	244.59	245.19	241.45	243.18
20160420	0	243.19	244.40	235.80	238.44
20160421	0	240.50	242.30	238.30	240.37
20160422	0	241.00	247.88	240.37	247.40
20160425	0	247.12	248.10	243.30	244.52
20160426	0	244.95	246.88	243.00	243.86
20160427	0	244.50	245.48	243.49	244.88
20160428	0	245.83	246.74	244.00	246.44
20160429	0	247.39	252.43	247.39	251.20
20160503	0	250.55	262.28	250.55	260.00
20160504	0	260.00	262.39	255.99	256.21
20160505	0	256.50	258.15	255.50	257.77
20160506	0	257.31	258.52	251.12	252.22
20160509	0	250.13	252.80	249.01	250.82
20160510	0	249.50	254.00	249.11	252.08
20160511	0	252.35	260.48	252.35	256.87
20160512	0	254.02	256.56	252.00	255.96
20160513	0	255.98	258.90	250.50	250.96
20160516	0	250.86	251.80	247.30	251.63
20160517	0	251.01	252.40	249.83	250.03
20160518	0	249.08	251.85	243.10	244.44
20160519	0	245.16	248.50	244.50	245.77
20160520	0	246.84	252.18	244.32	251.26
20160523	0	249.72	254.99	249.72	254.20
20160524	0	254.41	255.21	250.10	251.94
20160525	0	254.48	254.94	251.01	251.86
20160526	0	251.99	253.80	249.20	252.71
20160527	0	252.72	254.69	251.38	252.44
20160530	0	251.50	256.50	250.00	256.13
20160531	0	256.00	266.62	255.20	264.47
20160601	0	265.40	265.50	263.00	263.79
20160602	0	263.01	268.68	263.01	267.74
20160603	0	267.00	286.74	266.40	283.89
20160606	0	282.00	283.00	275.00	276.05
20160607	0	276.50	278.49	275.01	277.85
20160608	0	276.40	277.86	273.50	274.28
20160613	0	273.35	276.66	266.25	267.06
20160614	0	267.71	273.80	267.71	272.75
20160615	0	270.71	277.80	270.21	276.49
20160616	0	274.86	277.80	273.78	274.02
20160617	0	273.60	282.49	273.60	278.26
20160620	0	279.77	279.86	274.00	276.11
20160621	0	277.04	277.94	273.00	273.81
20160622	0	273.77	279.36	272.77	278.44
20160623	0	279.97	279.97	274.88	276.44
20160624	0	275.28	277.00	267.20	273.77
20160627	0	275.00	292.30	275.00	287.68
20160628	0	287.02	289.66	286.32	288.21
20160629	0	287.55	289.45	284.20	288.18
20160630	0	290.02	298.20	290.02	291.92
20160701	0	287.20	291.88	284.00	286.17
20160704	0	287.00	295.40	286.00	293.90
20160705	0	295.03	303.10	295.03	300.58
20160706	0	299.80	318.00	299.01	317.19
20160707	0	315.80	326.80	312.08	316.91
20160708	0	313.53	315.50	306.16	309.91
20160711	0	309.03	324.00	309.03	315.14
20160712	0	315.76	326.60	315.00	324.73
20160713	0	323.03	324.73	315.05	317.19
20160714	0	316.09	320.80	315.20	317.09
20160715	0	317.12	318.03	315.06	317.52
20160718	0	317.50	319.50	315.66	316.21
20160719	0	315.50	316.30	305.55	308.11
20160720	0	308.62	310.87	307.50	308.56
20160721	0	310.15	317.60	309.00	314.38
20160722	0	312.90	315.20	307.38	307.92
20160725	0	307.60	314.19	307.00	311.26
20160726	0	309.01	319.50	308.50	319.04
20160727	0	319.85	320.60	308.30	314.01
20160728	0	312.00	319.30	311.50	316.05
20160729	0	315.08	318.88	313.00	313.15
20160801	0	313.00	313.95	305.00	306.96
20160802	0	307.25	310.50	302.85	306.21
20160803	0	307.00	307.90	304.15	306.82
20160804	0	306.85	308.33	304.22	306.30
20160805	0	306.49	308.37	305.03	305.93
20160808	0	306.15	308.30	303.06	308.10
20160809	0	308.17	317.67	306.42	315.75
20160810	0	315.05	316.50	313.33	313.81
20160811	0	314.38	321.57	314.01	316.77
20160812	0	317.40	317.40	314.01	316.97
20160815	0	315.80	321.69	314.15	318.78
20160816	0	322.00	322.48	308.00	309.52
20160817	0	309.60	310.97	306.50	308.16
20160818	0	307.95	309.65	305.13	306.43
20160819	0	305.80	307.45	304.80	306.48
20160822	0	306.13	309.58	306.00	307.32
20160823	0	307.33	309.04	305.80	306.88
20160824	0	307.02	307.49	303.83	305.28
20160825	0	305.20	305.38	300.07	303.01
20160826	0	303.14	304.55	300.40	301.45
20160829	0	308.00	308.80	305.20	307.53
20160830	0	307.00	308.50	304.67	305.86
20160831	0	306.70	310.76	305.54	310.19
20160901	0	309.70	312.00	308.25	308.71
20160902	0	308.00	309.45	304.88	305.78
20160905	0	306.20	309.00	305.81	308.50
20160906	0	308.50	310.36	308.35	309.94
20160907	0	309.68	309.68	305.50	306.60
20160908	0	305.21	306.50	304.41	305.82
20160909	0	306.65	306.86	304.00	304.63
20160912	0	302.00	304.00	297.77	298.06
20160913	0	299.95	300.97	299.30	300.43
20160914	0	300.10	302.20	298.01	299.57
20160919	0	300.05	301.57	299.88	300.13
20160920	0	300.78	300.80	294.00	294.96
20160921	0	295.06	295.39	289.11	294.05
20160922	0	294.30	299.98	294.01	296.98
20160923	0	297.02	298.95	295.40	297.68
20160926	0	297.00	297.01	288.55	288.73
20160927	0	288.88	291.98	288.76	291.17
20160928	0	291.79	291.79	287.56	288.41
20160929	0	287.85	293.00	287.85	290.98
20160930	0	290.00	299.63	290.00	297.91
20161010	0	298.51	303.86	298.51	302.96
20161011	0	304.00	309.00	303.00	308.92
20161012	0	308.50	308.50	304.90	305.82
20161013	0	306.80	306.94	303.51	303.89
20161014	0	303.47	306.00	303.20	305.60
20161017	0	305.45	305.50	301.50	302.45
20161018	0	302.50	308.50	302.00	307.16
20161019	0	308.50	308.75	305.10	306.45
20161020	0	307.39	307.39	304.80	305.48
20161021	0	305.08	305.48	302.59	304.19
20161024	0	302.60	307.00	302.60	306.93
20161025	0	307.39	313.00	307.39	312.94
20161026	0	313.00	318.31	311.65	313.68
20161027	0	312.99	318.22	311.01	316.87
20161028	0	317.50	318.43	314.00	317.05
20161031	0	319.00	322.80	316.80	317.95
20161101	0	317.95	319.00	315.55	316.68
20161102	0	316.09	317.16	313.68	315.18
20161103	0	315.00	316.46	314.15	315.86
20161104	0	315.99	318.25	313.98	314.82
20161107	0	315.00	317.00	313.20	315.33
20161108	0	316.50	322.18	315.68	320.00
20161109	0	320.00	321.97	313.80	316.81
20161110	0	319.10	321.00	317.73	319.13
20161111	0	317.99	318.30	314.80	315.08
20161114	0	315.55	315.87	309.99	310.99
20161115	0	310.03	315.65	310.03	314.01
20161116	0	313.81	315.40	312.00	313.15
20161117	0	312.08	313.00	310.53	311.04
20161118	0	311.16	311.80	309.88	310.00
20161121	0	311.02	311.66	308.37	309.50
20161122	0	310.30	310.45	308.37	308.87
20161123	0	311.00	313.00	309.11	312.95
20161124	0	313.20	317.00	311.42	316.93
20161125	0	317.04	318.00	313.42	316.89
20161128	0	317.55	320.18	316.60	319.50
20161129	0	320.70	330.45	319.41	323.96
20161130	0	321.22	323.30	318.45	319.08
20161201	0	320.00	324.59	318.68	321.02
20161202	0	321.00	323.20	319.00	321.77
20161205	0	319.20	324.54	315.82	315.93
20161206	0	316.23	326.58	316.23	326.42
20161207	0	327.12	328.50	323.97	327.45
20161208	0	328.01	340.00	327.00	337.71
20161209	0	337.20	339.42	334.02	337.76
20161212	0	337.70	340.00	325.70	326.86
20161213	0	326.84	335.00	325.50	333.01
20161214	0	333.00	334.07	328.50	332.27
20161215	0	332.46	332.99	325.58	328.05
20161216	0	327.00	329.88	323.58	327.58
20161219	0	326.00	334.37	325.61	325.96
20161220	0	326.04	327.00	321.81	326.48
20161221	0	326.90	329.29	323.56	328.66
20161222	0	328.00	328.46	324.88	325.20
20161223	0	323.55	324.50	319.13	320.03
20161226	0	319.03	324.99	316.20	324.48
20161227	0	324.51	328.80	323.50	326.16
20161228	0	326.99	328.00	323.33	323.72
20161229	0	324.00	327.87	323.00	327.31
20161230	0	326.61	335.29	326.61	334.15
20170103	0	334.28	337.00	332.81	334.56
20170104	0	334.62	352.17	334.60	351.91
20170105	0	350.00	351.45	345.44	346.74
20170106	0	346.64	359.78	346.10	350.76
20170109	0	347.80	352.88	346.54	348.51
20170110	0	348.45	352.00	346.60	349.00
20170111	0	348.00	348.00	343.50	345.45
20170112	0	346.55	347.40	344.51	347.05
20170113	0	346.98	347.39	343.88	344.87
20170116	0	344.13	344.80	338.80	341.47
20170117	0	342.60	351.50	342.00	349.13
20170118	0	348.88	356.77	347.21	355.08
20170119	0	355.00	358.48	351.70	354.72
20170120	0	354.90	357.40	353.03	354.99
20170123	0	356.88	359.80	349.46	351.22
20170124	0	351.27	352.80	346.75	350.31
20170125	0	349.98	349.98	346.20	347.63
20170126	0	348.14	348.80	341.30	344.42
20170203	0	346.00	349.18	345.00	346.85
20170206	0	348.49	348.89	344.96	346.85
20170207	0	346.84	347.40	343.14	343.58
20170208	0	343.76	345.50	342.67	344.21
20170209	0	345.00	348.79	344.61	347.61
20170210	0	348.62	349.82	345.00	345.08
20170213	0	344.00	351.90	341.92	349.75
20170214	0	349.54	352.60	349.10	350.21
20170215	0	351.50	352.44	347.20	348.53
20170216	0	348.50	348.62	345.51	348.09
20170217	0	348.90	354.44	347.50	350.56
20170220	0	350.41	362.32	350.01	361.29
20170221	0	361.88	362.43	357.18	358.74
20170222	0	360.61	366.52	360.00	361.89
20170223	0	360.97	365.48	359.76	361.70
20170224	0	362.00	362.89	360.05	362.62
20170227	0	362.49	362.85	356.80	357.20
20170228	0	357.00	359.20	353.58	354.66
20170301	0	355.10	358.20	355.00	356.61
20170302	0	356.71	357.00	354.53	356.82
20170303	0	355.00	358.22	355.00	356.54
20170306	0	357.66	359.54	356.55	358.96
20170307	0	358.03	368.88	358.03	367.20
20170308	0	367.18	368.49	365.50	367.28
20170309	0	367.00	369.98	365.56	369.90
20170310	0	369.92	377.00	368.36	369.85
20170313	0	370.05	374.33	367.53	371.55
20170314	0	371.55	373.85	368.34	369.50
20170315	0	369.50	375.15	369.01	374.68
20170316	0	376.56	378.30	372.80	374.77
20170317	0	373.10	384.45	373.10	378.48
20170320	0	380.50	386.71	378.88	386.41
20170321	0	386.55	396.50	386.50	394.01
20170322	0	390.53	394.60	385.00	394.48
20170323	0	392.03	393.99	386.60	389.79
20170324	0	392.32	393.22	385.00	386.82
20170327	0	386.03	389.26	378.39	378.82
20170328	0	379.95	381.15	376.66	380.26
20170329	0	381.01	385.80	379.90	383.65
20170330	0	383.00	386.89	382.60	386.14
20170331	0	386.20	388.00	384.18	386.36
20170405	0	385.66	394.99	385.00	389.66
20170406	0	389.01	393.00	386.63	391.91
20170407	0	392.99	394.00	389.60	392.87
20170410	0	394.00	394.00	388.00	389.20
20170411	0	388.05	390.70	380.60	385.29
20170412	0	385.29	391.00	384.80	390.23
20170413	0	390.78	398.59	390.51	398.39
20170414	0	399.43	399.88	395.00	395.45
20170417	0	391.00	398.28	388.55	395.79
20170418	0	394.60	406.55	394.60	404.65
20170419	0	403.00	409.10	402.86	405.74
20170420	0	406.09	420.43	406.09	415.31
20170421	0	415.00	415.60	400.00	400.53
20170424	0	400.62	405.00	389.00	398.55
20170425	0	404.80	420.17	404.80	418.89
20170426	0	418.85	428.68	413.01	417.96
20170427	0	415.53	421.97	410.43	421.44
20170428	0	421.99	423.00	409.90	413.48
20170502	0	411.60	415.00	409.18	412.08
20170503	0	411.00	417.66	411.00	417.61
20170504	0	414.63	418.48	414.63	416.00
20170505	0	416.20	422.78	415.10	416.19
20170508	0	416.18	417.00	404.72	405.48
20170509	0	404.44	409.88	398.00	408.76
20170510	0	408.40	414.44	407.02	410.09
20170511	0	408.40	414.70	406.51	412.16
20170512	0	413.59	415.30	410.01	413.47
20170515	0	413.12	420.35	413.12	419.55
20170516	0	419.60	431.22	418.26	430.12
20170517	0	429.00	430.19	424.88	426.60
20170518	0	425.05	430.70	425.01	429.54
20170519	0	429.57	441.80	429.57	440.82
20170522	0	439.04	446.01	436.20	441.78
20170523	0	442.25	454.47	442.25	454.20
20170524	0	452.90	456.48	446.00	450.32
20170525	0	448.71	452.96	447.50	450.60
20170526	0	450.82	455.60	448.00	451.92
20170531	0	450.00	450.50	440.11	442.94
20170601	0	442.50	449.95	441.01	449.28
20170602	0	450.00	450.95	445.60	447.31
20170605	0	448.04	449.00	442.35	444.41
20170606	0	444.97	449.00	444.20	448.82
20170607	0	449.12	460.00	449.12	459.37
20170608	0	461.32	464.40	458.50	464.31
20170609	0	464.24	470.80	463.00	465.74
20170612	0	467.00	475.44	465.00	472.88
20170613	0	473.05	474.50	467.00	473.04
20170614	0	472.79	477.50	470.48	474.39
20170615	0	475.00	475.48	464.00	464.30
20170616	0	461.50	467.49	461.26	462.63
20170619	0	461.96	470.39	461.96	470.17
20170620	0	473.00	474.88	465.66	466.30
20170621	0	469.55	473.00	466.03	472.71
20170622	0	473.02	477.93	471.20	472.75
20170623	0	472.86	474.88	468.33	472.73
20170626	0	473.01	485.00	472.00	484.68
20170627	0	482.82	485.00	480.85	484.10
20170628	0	484.09	484.09	473.00	475.30
20170629	0	476.30	477.35	470.00	473.01
20170630	0	471.51	474.16	467.80	471.85
20170703	0	474.20	474.20	457.90	460.37
20170704	0	458.96	460.00	449.00	451.92
20170705	0	453.01	460.33	453.01	460.13
20170706	0	458.11	460.20	450.60	455.98
20170707	0	451.05	451.10	441.20	445.97
20170710	0	446.88	454.90	442.97	454.47
20170711	0	454.50	464.58	454.00	463.13
20170712	0	465.80	465.99	455.00	457.47
20170713	0	455.35	461.91	453.68	456.16
20170714	0	456.25	458.76	453.05	456.41
20170717	0	457.04	458.04	446.28	450.07
20170718	0	451.99	453.99	448.00	452.55
20170719	0	454.00	463.62	452.80	456.86
20170720	0	455.86	466.89	455.86	466.47
20170721	0	466.96	475.01	463.66	473.20
20170724	0	474.88	485.35	474.88	477.80
20170725	0	482.20	482.80	476.10	477.96
20170726	0	478.05	481.63	466.56	471.63
20170727	0	471.63	475.85	471.10	473.87
20170728	0	471.00	484.07	467.71	483.92
20170731	0	484.00	487.96	481.00	481.22
20170801	0	481.00	483.00	477.40	480.24
20170802	0	480.04	484.88	478.51	482.84
20170803	0	483.68	486.85	475.63	477.22
20170804	0	477.00	478.98	472.60	473.64
20170807	0	472.50	482.40	471.13	481.56
20170808	0	482.00	484.22	479.50	482.58
20170809	0	484.84	492.98	482.03	490.85
20170810	0	491.09	499.60	489.00	491.63
20170811	0	489.00	496.55	483.48	484.06
20170814	0	485.21	500.10	485.21	499.83
20170815	0	500.11	501.10	495.01	495.97
20170816	0	498.00	498.80	493.00	496.49
20170817	0	497.60	497.60	489.80	492.69
20170818	0	492.80	494.44	488.00	489.65
20170821	0	488.00	494.40	486.94	489.73
20170822	0	487.40	489.48	476.00	487.22
20170823	0	485.45	494.63	484.32	494.01
20170824	0	493.99	496.40	492.02	492.81
20170825	0	493.45	494.25	489.32	492.99
20170828	0	493.00	497.29	491.03	492.04
20170829	0	493.02	494.88	488.01	489.44
20170830	0	489.70	493.75	489.16	492.97
20170831	0	494.04	494.88	489.80	491.15
20170901	0	490.20	496.28	490.03	495.18
20170904	0	495.18	496.66	491.27	492.42
20170905	0	492.88	493.99	489.50	489.99
20170906	0	490.00	492.77	484.84	484.98
20170907	0	485.31	486.90	480.06	481.27
20170908	0	478.25	480.50	474.00	474.37
20170911	0	471.09	482.22	469.98	478.32
20170912	0	479.50	486.00	478.40	484.91
20170913	0	485.00	492.20	481.38	491.63
20170914	0	492.99	494.03	488.99	490.71
20170915	0	492.50	492.50	488.00	489.84
20170918	0	490.14	500.50	490.14	498.97
20170919	0	500.30	502.50	496.01	496.95
20170920	0	496.90	500.02	496.00	496.20
20170921	0	495.94	500.58	492.88	498.77
20170922	0	496.90	500.18	495.80	499.93
20170925	0	500.31	508.20	500.30	507.24
20170926	0	506.69	510.00	503.60	509.29
20170927	0	508.92	511.03	506.07	508.21
20170928	0	507.20	520.20	507.15	518.46
20170929	0	516.00	525.88	515.50	517.64
20171009	0	524.54	535.55	520.10	527.77
20171010	0	527.05	540.49	527.01	540.06
20171011	0	538.10	551.25	538.10	545.54
20171012	0	545.00	547.50	540.18	544.09
20171013	0	545.00	556.60	542.01	556.15
20171016	0	559.99	566.66	555.87	560.69
20171017	0	560.97	560.97	554.00	556.73
20171018	0	554.20	562.59	554.20	560.72
20171019	0	561.00	585.15	560.72	582.60
20171020	0	581.00	581.00	571.76	574.33
20171023	0	574.92	580.50	568.00	573.41
20171024	0	572.00	573.80	563.61	567.33
20171025	0	569.75	571.68	562.06	565.67
20171026	0	605.00	613.00	591.91	605.09
20171027	0	602.11	655.00	600.03	649.63
20171030	0	643.05	644.00	621.00	622.08
20171031	0	622.01	627.60	611.88	618.03
20171101	0	620.88	631.54	619.22	623.01
20171102	0	626.95	629.78	621.00	626.92
20171103	0	628.65	643.44	628.65	639.17
20171106	0	641.50	657.62	640.20	653.06
20171107	0	650.58	657.15	638.18	642.07
20171108	0	642.33	654.50	642.33	650.38
20171109	0	648.00	654.15	644.61	650.07
20171110	0	650.43	683.40	650.43	677.95
20171113	0	680.00	692.78	675.80	687.88
20171114	0	687.14	687.22	677.35	678.75
20171115	0	678.75	689.99	674.00	688.08
20171116	0	686.01	719.96	686.01	719.11
20171117	0	696.00	709.00	677.77	690.25
20171120	0	676.80	685.60	660.00	679.15
20171121	0	669.00	688.80	662.02	677.25
20171122	0	677.00	688.00	650.00	650.52
20171123	0	642.00	646.00	630.22	633.73
20171124	0	635.90	642.50	622.23	630.04
20171127	0	634.00	636.33	613.01	621.29
20171128	0	625.06	648.88	624.00	648.23
20171129	0	649.94	651.97	634.01	638.12
20171130	0	635.51	648.48	626.00	631.00
20171201	0	638.01	638.99	620.13	622.35
20171204	0	623.95	644.10	616.72	637.79
20171205	0	634.00	647.40	630.13	632.96
20171206	0	631.50	644.10	620.00	625.01
20171207	0	624.95	624.99	615.26	616.69
20171208	0	615.42	628.85	615.42	627.28
20171211	0	631.00	651.95	631.00	650.99
20171212	0	658.70	658.77	651.02	651.32
20171213	0	654.99	670.00	650.72	668.21
20171214	0	669.98	671.30	660.50	664.55
20171215	0	664.00	667.95	650.78	653.79
20171218	0	660.00	669.80	658.58	665.77
20171219	0	663.00	672.44	661.00	667.09
20171220	0	669.90	686.86	664.03	684.91
20171221	0	683.00	687.42	675.50	681.74
20171222	0	680.00	685.90	677.01	682.92
20171225	0	686.00	696.30	683.72	688.12
20171226	0	688.18	692.99	676.50	680.81
20171227	0	684.86	684.86	662.50	664.18
20171228	0	687.00	719.90	671.32	718.69
20171229	0	718.00	726.50	691.60	697.49
20180102	0	700.00	710.16	689.89	703.85
20180103	0	701.50	721.40	699.74	715.86
20180104	0	721.40	743.50	719.33	737.07
20180105	0	741.00	746.03	728.22	738.36
20180108	0	735.02	756.50	735.02	752.13
20180109	0	752.21	783.00	752.21	782.52
20180110	0	785.00	788.88	773.48	785.71
20180111	0	787.00	788.00	772.00	774.81
20180112	0	773.77	788.80	767.02	788.42
20180115	0	793.46	799.06	779.02	785.37
20180116	0	780.48	788.61	768.00	772.94
20180117	0	770.00	774.00	738.51	747.93
20180118	0	747.93	765.00	744.09	750.74
20180119	0	752.90	758.90	739.02	750.18
20180122	0	751.81	774.00	751.81	773.64
20180123	0	777.81	780.00	768.60	773.78
20180124	0	776.44	776.46	758.60	764.46
20180125	0	761.00	776.00	751.00	769.16
20180126	0	767.24	777.40	764.00	777.22
20180129	0	778.76	779.67	735.00	736.32
20180130	0	736.00	748.77	730.02	742.08
20180131	0	739.00	771.71	739.00	764.54
20180201	0	767.00	767.30	752.92	757.73
20180202	0	752.22	753.23	725.00	740.40
20180205	0	727.22	729.96	705.60	718.23
20180206	0	703.00	722.60	703.00	708.86
20180207	0	720.00	723.88	682.01	683.43
20180208	0	682.20	718.00	682.20	700.99
20180209	0	680.00	689.89	658.00	683.43
20180212	0	691.00	705.50	685.20	697.48
20180213	0	705.02	714.82	704.50	711.98
20180214	0	720.00	720.00	712.22	718.45
20180222	0	727.30	744.00	723.24	742.45
20180223	0	747.00	756.56	737.00	742.48
20180226	0	746.88	752.05	733.02	743.51
20180227	0	749.00	756.00	737.22	737.98
20180228	0	732.00	742.30	719.00	725.62
20180301	0	728.00	746.85	723.77	741.97
20180302	0	738.00	743.56	730.00	736.41
20180305	0	738.18	742.00	717.03	720.11
20180306	0	725.00	727.60	697.13	718.26
20180307	0	715.00	724.00	708.99	710.04
20180308	0	714.00	724.00	708.00	722.76
20180309	0	727.55	732.57	723.50	728.20
20180312	0	729.55	733.92	722.77	723.95
20180313	0	723.00	726.60	710.00	710.35
20180314	0	709.67	728.08	707.22	726.88
20180315	0	728.02	747.00	728.02	746.47
20180316	0	747.60	753.98	738.88	739.85
20180319	0	743.97	753.99	739.00	753.48
20180320	0	750.00	752.00	740.00	747.73
20180321	0	750.11	753.11	740.00	742.00
20180322	0	744.00	748.00	724.01	726.08
20180323	0	701.00	723.49	700.08	711.06
20180326	0	708.00	715.06	701.88	713.49
20180327	0	723.00	725.88	704.00	714.74
20180328	0	699.97	703.00	669.00	682.05
20180329	0	682.20	697.85	658.41	689.10
20180330	0	686.00	693.50	679.88	683.62
20180402	0	680.00	691.00	674.11	680.06
20180403	0	678.00	687.00	675.39	677.91
20180404	0	682.00	700.43	680.38	694.01
20180409	0	697.10	705.43	690.15	698.30
20180410	0	704.80	708.50	698.46	708.02
20180411	0	710.00	714.78	703.02	705.36
20180412	0	704.00	706.88	692.22	694.20
20180413	0	698.50	701.00	685.08	686.86
20180416	0	680.58	686.85	677.00	681.38
20180417	0	685.00	685.38	665.60	666.20
20180418	0	671.00	671.00	645.00	655.64
20180419	0	659.85	680.00	656.66	679.96
20180420	0	681.00	694.00	668.23	670.26
20180423	0	666.01	680.33	666.01	674.01
20180424	0	676.00	693.50	675.00	689.88
20180425	0	689.00	692.00	683.02	690.97
20180426	0	692.00	692.28	673.00	678.23
20180427	0	685.25	688.36	655.00	662.53
20180502	0	660.00	668.99	645.06	667.83
20180503	0	666.00	673.68	658.00	670.88
20180504	0	670.98	674.83	660.57	662.87
20180507	0	659.95	701.88	657.77	698.17
20180508	0	698.03	712.13	698.03	708.83
20180509	0	709.08	712.30	697.12	701.95
20180510	0	703.50	716.00	703.50	714.19
20180511	0	718.69	730.50	715.70	718.02
20180514	0	724.00	743.00	724.00	742.41
20180515	0	746.00	746.44	734.00	743.06
20180516	0	740.00	745.66	733.28	734.52
20180517	0	735.12	737.50	724.00	727.38
20180518	0	723.99	741.00	721.19	739.32
20180521	0	744.00	747.30	732.48	734.82
20180522	0	735.22	739.84	730.02	739.57
20180523	0	740.00	740.00	723.58	723.78
20180524	0	720.00	728.66	713.00	715.40
20180525	0	712.00	727.00	712.00	716.86
20180528	0	718.00	740.66	715.12	740.40
20180529	0	738.80	750.00	731.28	731.43
20180530	0	727.22	737.30	720.05	725.87
20180531	0	730.25	751.62	730.24	751.13
20180601	0	751.13	754.98	738.76	745.11
20180604	0	752.35	782.90	745.88	781.97
20180605	0	786.50	794.70	777.23	788.05
20180606	0	788.00	800.95	782.30	785.75
20180607	0	789.98	795.55	778.90	780.97
20180608	0	780.00	785.90	770.00	777.95
20180611	0	776.05	786.00	768.33	775.73
20180612	0	778.00	803.50	776.50	799.19
20180613	0	800.00	802.62	788.88	790.33
20180614	0	790.00	793.80	775.18	786.13
20180615	0	773.20	778.58	769.10	773.33
20180619	0	769.00	769.00	737.00	738.00
20180620	0	741.00	765.00	741.00	763.59
20180621	0	765.22	778.89	758.77	759.32
20180622	0	754.00	767.00	750.00	766.53
20180625	0	766.00	778.97	764.90	765.56
20180626	0	765.31	769.88	747.00	754.80
20180627	0	752.00	757.00	721.00	722.44
20180628	0	714.00	719.00	697.00	710.93
20180629	0	712.30	732.30	705.00	731.46
20180702	0	734.52	739.33	703.00	711.55
20180703	0	709.76	715.78	678.23	694.92
20180704	0	692.00	700.00	688.00	690.91
20180705	0	700.00	716.20	700.00	702.39
20180706	0	707.00	720.93	699.26	714.12
20180709	0	720.03	729.86	719.73	727.24
20180710	0	729.00	731.50	713.33	725.76
20180711	0	710.00	724.00	702.22	719.58
20180712	0	718.00	741.17	718.00	737.54
20180713	0	742.30	748.10	735.12	746.99
20180716	0	752.30	764.11	751.03	754.68
20180717	0	757.00	757.00	736.02	742.43
20180718	0	742.43	749.69	735.00	737.44
20180719	0	739.00	743.95	735.02	740.95
20180720	0	741.50	743.13	728.00	741.13
20180723	0	736.00	741.15	720.01	732.07
20180724	0	732.68	747.30	723.00	745.40
20180725	0	746.95	749.88	740.01	743.81
20180726	0	748.90	748.90	734.23	735.62
20180727	0	736.00	744.30	730.00	738.56
20180730	0	738.90	740.66	715.00	719.21
20180731	0	720.30	727.88	719.21	726.44
20180801	0	731.40	732.30	714.11	714.94
20180802	0	715.97	715.97	687.88	695.84
20180803	0	695.00	695.00	676.20	678.99
20180806	0	677.00	684.00	662.25	669.68
20180807	0	672.30	687.83	662.02	686.28
20180808	0	687.02	689.00	671.87	676.22
20180809	0	671.00	694.50	670.12	691.88
20180810	0	691.88	694.77	684.20	687.18
20180813	0	683.00	683.00	666.68	679.22
20180814	0	679.22	684.50	673.51	680.13
20180815	0	679.80	680.00	661.00	662.80
20180816	0	652.00	668.50	640.00	648.44
20180817	0	657.50	657.50	630.01	634.86
20180820	0	632.45	645.55	616.86	644.79
20180821	0	647.00	672.30	647.00	671.49
20180822	0	671.00	673.20	663.00	667.70
20180823	0	671.70	678.50	665.18	670.21
20180824	0	669.00	669.00	656.46	660.30
20180827	0	662.00	687.30	662.00	687.30
20180828	0	693.00	693.78	678.55	681.00
20180829	0	682.00	688.88	679.10	685.85
20180830	0	688.21	692.60	679.01	680.40
20180831	0	676.25	677.00	656.50	659.19
20180903	0	652.00	667.67	650.80	666.21
20180904	0	666.80	676.00	661.60	675.04
20180905	0	675.00	676.99	657.00	657.79
20180906	0	652.00	659.26	640.00	644.00
20180907	0	645.50	658.03	645.14	650.97
20180910	0	652.20	653.81	640.70	644.80
20180911	0	645.57	650.97	640.63	646.00
20180912	0	643.00	644.87	628.01	630.00
20180913	0	638.00	642.00	620.00	631.98
20180914	0	633.98	649.78	628.53	642.90
20180917	0	645.00	652.96	641.06	645.81
20180918	0	643.00	668.00	642.22	666.70
20180919	0	666.58	686.00	666.00	681.42
20180920	0	685.20	686.90	677.36	678.55
20180921	0	682.00	700.01	680.01	700.01
20180925	0	695.00	705.77	693.26	697.02
20180926	0	702.10	732.68	701.99	724.93
20180927	0	727.50	728.00	715.40	724.00
20180928	0	726.70	733.20	718.88	730.00
20181008	0	715.41	719.00	686.15	686.15
20181009	0	686.90	698.71	685.90	695.00
20181010	0	697.26	698.00	669.69	670.92
20181011	0	635.01	668.94	635.01	644.99
20181012	0	651.00	672.68	650.58	668.00
20181015	0	669.49	671.95	660.03	666.90
20181016	0	665.98	679.53	662.01	667.14
20181017	0	675.00	677.30	649.90	665.72
20181018	0	660.00	660.00	644.97	645.94
20181019	0	638.00	675.00	635.08	670.00
20181022	0	675.00	702.02	675.00	693.00
20181023	0	689.00	689.00	635.00	641.74
20181024	0	628.11	650.00	620.00	636.99
20181025	0	620.00	622.50	608.58	619.00
20181026	0	619.00	625.00	607.98	610.10
20181029	0	549.09	549.09	549.09	549.09
20181030	0	510.00	543.00	509.02	524.00
20181031	0	527.00	555.00	522.00	548.90
20181101	0	555.00	585.50	551.25	563.00
20181102	0	585.00	600.00	572.24	599.90
20181105	0	593.00	593.00	571.77	575.80
20181106	0	574.00	574.16	558.01	566.00
20181107	0	569.00	574.95	562.01	566.40
20181108	0	574.00	577.00	568.00	570.34
20181109	0	567.22	569.00	562.00	562.00
20181112	0	553.00	554.20	536.80	552.00
20181113	0	546.12	570.00	543.00	570.00
20181114	0	569.96	569.96	552.55	555.10
20181115	0	558.80	564.80	555.50	559.70
20181116	0	561.00	566.00	558.03	560.00
20181119	0	560.30	572.00	559.11	569.02
20181120	0	565.00	568.00	560.00	561.60
20181121	0	554.00	568.90	553.68	564.70
20181122	0	565.15	567.33	558.00	564.50
20181123	0	564.00	567.30	556.90	556.90
20181126	0	558.00	560.20	552.00	552.11
20181127	0	552.00	554.99	546.50	548.10
20181128	0	550.85	559.19	545.50	557.00
20181129	0	566.03	569.80	549.01	551.60
20181130	0	557.00	568.89	553.00	565.00
20181203	0	589.00	605.00	584.77	601.20
20181204	0	602.99	604.26	595.00	602.23
20181205	0	597.50	616.50	595.00	610.10
20181206	0	600.00	605.98	590.36	591.80
20181207	0	595.60	598.86	584.70	587.00
20181210	0	576.00	587.50	574.18	577.23
20181211	0	577.00	586.55	577.00	582.99
20181212	0	588.79	589.20	582.80	589.00
20181213	0	590.00	606.88	589.60	601.75
20181214	0	598.01	599.80	592.00	592.96
20181217	0	592.57	595.97	585.01	590.52
20181218	0	585.88	591.54	585.00	590.94
20181219	0	589.00	590.99	576.03	577.80
20181220	0	576.22	581.50	568.89	574.50
20181221	0	571.00	573.45	562.21	567.41
20181224	0	563.50	570.91	558.00	568.00
20181225	0	562.22	567.50	553.61	565.79
20181226	0	563.81	568.40	558.00	560.08
20181227	0	570.00	571.85	562.22	563.00
20181228	0	563.30	596.40	560.00	590.01
20190102	0	609.98	612.00	595.01	598.98
20190103	0	599.97	601.66	585.80	590.00
20190104	0	587.28	607.67	582.02	602.00
20190107	0	608.00	612.00	602.22	605.49
20190108	0	605.50	612.00	600.28	604.79
20190109	0	609.99	626.16	609.04	616.12
20190110	0	617.13	624.88	610.25	618.77
20190111	0	625.00	637.00	618.75	635.88
20190114	0	633.00	635.89	621.55	624.60
20190115	0	627.86	661.50	625.00	659.98
20190116	0	658.00	665.65	653.60	661.10
20190117	0	663.00	669.70	655.80	659.25
20190118	0	665.00	690.20	661.50	683.61
20190121	0	690.00	698.88	681.88	686.98
20190122	0	686.00	686.00	665.22	671.00
20190123	0	667.22	674.50	663.13	665.66
20190124	0	670.30	677.83	664.68	672.50
20190125	0	675.88	684.90	669.93	679.70
20190128	0	684.00	693.98	676.03	677.00
20190129	0	677.50	688.00	668.00	685.00
20190130	0	684.99	686.22	676.00	676.00
20190131	0	680.00	689.60	677.56	689.60
20190201	0	697.04	699.00	689.61	692.67
20190211	0	695.00	729.50	688.18	725.30
20190212	0	723.00	725.49	715.20	717.92
20190213	0	723.00	736.16	717.22	735.25
20190214	0	731.20	743.66	730.14	737.16
20190215	0	734.88	734.88	723.02	724.78
20190218	0	731.00	744.95	731.00	740.00
20190219	0	740.96	742.50	726.66	730.76
20190220	0	735.00	735.00	716.06	722.00
20190221	0	720.00	730.48	717.00	720.25
20190222	0	717.00	728.49	714.10	726.01
20190225	0	730.75	744.44	717.99	742.33
20190226	0	747.80	749.18	726.00	727.35
20190227	0	733.00	758.02	731.00	740.70
20190228	0	737.90	763.42	736.95	755.01
20190301	0	761.50	790.00	761.00	789.30
20190304	0	795.00	798.33	777.22	781.86
20190305	0	785.00	789.55	775.88	779.78
20190306	0	775.00	779.50	765.88	768.00
20190307	0	762.22	762.22	745.56	748.60
20190308	0	737.90	746.83	733.65	737.50
20190311	0	740.04	766.95	740.04	758.54
20190312	0	763.82	763.83	739.00	745.01
20190313	0	745.50	760.75	745.50	754.00
20190314	0	757.00	785.00	754.00	778.00
20190315	0	776.00	787.50	764.85	777.30
20190318	0	778.80	814.53	777.00	810.09
20190319	0	803.00	807.92	792.30	792.61
20190320	0	790.00	802.30	785.00	792.80
20190321	0	788.00	792.80	781.50	785.75
20190322	0	788.22	799.98	785.00	794.00
20190325	0	786.00	788.00	773.30	775.60
20190326	0	780.00	785.94	764.10	773.00
20190327	0	781.00	793.88	775.00	788.50
20190328	0	793.43	814.48	785.68	806.80
20190329	0	835.00	866.68	830.17	853.99
20190401	0	860.00	868.95	851.00	859.00
20190402	0	859.99	859.99	836.06	850.00
20190403	0	840.12	851.74	834.21	844.50
20190404	0	840.00	865.80	836.20	865.00
20190408	0	900.00	908.00	890.12	900.20
20190409	0	903.00	908.20	892.51	905.00
20190410	0	903.00	951.90	900.00	947.99
20190411	0	948.00	950.00	905.55	925.20
20190412	0	909.00	919.99	900.01	914.00
20190415	0	931.00	939.00	907.00	907.00
20190416	0	904.90	939.90	901.22	939.90
20190417	0	938.00	955.51	925.00	952.00
20190418	0	945.41	954.68	936.22	945.50
20190419	0	943.96	960.95	931.31	952.56
20190422	0	959.50	978.89	940.61	949.20
20190423	0	951.00	981.22	949.20	974.95
20190424	0	979.88	990.00	951.22	970.00
20190425	0	968.79	973.99	951.22	952.37
20190426	0	946.30	959.88	945.00	945.00
20190429	0	945.00	989.00	935.00	971.97
20190430	0	968.00	984.96	963.11	974.00
20190506	0	925.50	935.00	893.00	906.00
20190507	0	893.28	913.94	870.22	890.00
20190508	0	860.00	901.80	860.00	884.40
20190509	0	875.00	879.87	842.50	858.81
20190510	0	875.66	910.78	868.19	907.12
20190513	0	898.86	910.98	884.00	892.00
20190514	0	885.00	906.00	873.00	886.57
20190515	0	890.24	933.00	890.24	927.00
20190516	0	919.00	932.00	905.00	929.91
20190517	0	927.02	932.30	900.10	906.79
20190520	0	900.00	900.00	871.00	884.96
20190521	0	885.00	910.00	872.02	895.00
20190522	0	894.98	904.00	880.00	888.00
20190523	0	881.00	883.98	856.22	861.00
20190524	0	865.00	885.00	864.44	878.50
20190527	0	879.10	882.99	860.05	879.00
20190528	0	877.99	907.49	875.02	888.00
20190529	0	888.01	924.95	888.01	911.91
20190530	0	910.00	919.99	891.22	905.30
20190531	0	900.53	906.99	890.00	890.00
20190603	0	892.00	901.35	886.28	892.00
20190604	0	895.00	895.43	871.00	875.30
20190605	0	884.00	886.26	870.00	871.60
20190606	0	875.62	875.77	858.00	862.13
20190610	0	857.98	878.95	840.00	871.08
20190611	0	876.00	915.61	875.00	910.89
20190612	0	906.22	910.99	894.00	906.70
20190613	0	910.00	912.30	897.00	910.00
20190614	0	911.00	932.30	910.02	913.00
20190617	0	907.00	926.94	906.02	911.60
20190618	0	917.00	920.00	902.60	917.00
20190619	0	940.00	946.70	932.01	932.01
20190620	0	932.50	975.50	932.20	975.00
20190621	0	969.97	984.49	964.50	976.30
20190624	0	978.30	999.69	975.00	987.10
20190625	0	992.00	999.00	967.00	982.98
20190626	0	985.00	985.00	971.22	979.86
20190627	0	985.00	1001.00	981.12	996.35
20190628	0	985.99	988.88	971.33	984.00
20190701	0	1004.52	1035.60	1000.22	1031.86
20190702	0	1025.00	1029.50	1016.00	1025.00
20190703	0	1020.00	1023.00	981.50	987.90
20190704	0	985.80	990.80	971.22	981.20
20190705	0	986.00	1006.00	976.30	999.82
20190708	0	995.05	997.90	975.00	984.86
20190709	0	979.30	989.00	968.35	976.06
20190710	0	980.93	990.58	977.00	982.52
20190711	0	989.96	998.38	976.00	981.50
20190712	0	981.30	991.50	980.01	986.09
20190715	0	967.80	980.10	951.13	975.93
20190716	0	975.45	982.30	965.00	968.00
20190717	0	968.00	972.99	962.13	963.50
20190718	0	961.50	963.00	947.18	947.50
20190719	0	955.00	960.80	948.00	955.87
20190722	0	960.00	964.00	950.25	957.02
20190723	0	962.30	962.59	943.86	953.98
20190724	0	958.31	959.90	944.69	946.36
20190725	0	945.97	963.36	938.15	963.00
20190726	0	961.97	971.00	958.55	965.03
20190729	0	962.03	979.50	960.01	976.41
20190730	0	976.50	983.00	971.00	978.93
20190731	0	975.00	981.77	966.59	972.60
20190801	0	976.51	977.00	953.02	959.30
20190802	0	944.00	957.98	943.00	954.45
20190805	0	945.00	954.00	940.00	942.43
20190806	0	931.00	948.00	923.80	946.30
20190807	0	949.50	955.53	945.00	945.00
20190808	0	953.50	974.00	952.00	971.68
20190809	0	978.50	980.95	958.99	962.03
20190812	0	1010.31	1020.10	995.01	1018.63
20190813	0	1016.16	1026.00	1010.68	1017.95
20190814	0	1030.02	1051.90	1030.02	1043.33
20190815	0	1028.00	1046.48	1028.00	1044.90
20190816	0	1049.84	1075.58	1041.00	1054.60
20190819	0	1061.00	1069.98	1049.05	1055.88
20190820	0	1055.00	1073.68	1050.00	1070.00
20190821	0	1070.10	1076.97	1061.66	1066.00
20190822	0	1072.99	1104.00	1070.00	1104.00
20190823	0	1105.00	1133.56	1095.62	1130.10
20190826	0	1113.00	1128.00	1096.68	1102.95
20190827	0	1117.00	1131.31	1109.00	1109.00
20190828	0	1109.00	1123.19	1083.01	1100.11
20190829	0	1105.00	1118.18	1092.50	1113.10
20190830	0	1125.00	1146.00	1123.00	1142.00
20190902	0	1139.99	1144.98	1129.00	1138.76
20190903	0	1140.00	1151.02	1128.56	1140.00
20190904	0	1140.80	1142.91	1120.11	1125.01
20190905	0	1129.00	1144.90	1128.00	1144.00
20190906	0	1144.50	1146.15	1131.00	1142.49
20190909	0	1145.00	1148.00	1135.00	1136.52
20190910	0	1134.30	1135.00	1120.01	1123.85
20190911	0	1119.22	1119.97	1068.00	1069.52
20190912	0	1066.00	1109.98	1066.00	1099.00
20190916	0	1083.00	1103.95	1083.00	1099.00
20190917	0	1094.00	1106.66	1087.00	1094.01
20190918	0	1108.50	1150.00	1108.18	1148.90
20190919	0	1148.00	1150.00	1137.10	1145.00
20190920	0	1151.00	1160.00	1147.59	1157.42
20190923	0	1157.00	1157.00	1131.00	1149.00
20190924	0	1155.00	1184.90	1152.00	1184.00
20190925	0	1180.00	1188.87	1170.50	1174.00
20190926	0	1174.94	1183.35	1158.81	1167.00
20190927	0	1164.00	1183.00	1153.00	1174.75
20190930	0	1163.00	1169.43	1150.00	1150.00
20191008	0	1153.00	1180.00	1152.01	1167.10
20191009	0	1166.20	1166.20	1135.05	1146.81
20191010	0	1127.00	1158.93	1109.02	1155.00
20191011	0	1157.00	1175.00	1152.21	1174.60
20191014	0	1186.00	1187.66	1170.00	1180.00
20191015	0	1180.00	1215.68	1177.03	1211.00
20191016	0	1168.00	1187.50	1160.00	1170.00
20191017	0	1176.00	1186.66	1162.50	1183.33
20191018	0	1179.00	1189.99	1171.69	1175.79
20191021	0	1171.86	1178.90	1163.30	1168.50
20191022	0	1178.00	1181.50	1163.89	1170.80
20191023	0	1168.00	1178.00	1156.11	1158.91
20191024	0	1164.95	1166.00	1147.16	1150.27
20191025	0	1153.30	1172.50	1143.03	1171.35
20191028	0	1166.01	1181.01	1165.00	1178.29
20191029	0	1181.11	1199.96	1177.77	1193.00
20191030	0	1190.00	1192.70	1176.00	1183.80
20191031	0	1196.00	1198.00	1176.15	1180.01
20191101	0	1181.00	1191.95	1172.50	1185.00
20191104	0	1190.00	1209.99	1189.00	1199.59
20191105	0	1199.50	1205.00	1192.00	1199.00
20191106	0	1197.00	1204.00	1188.88	1193.00
20191107	0	1196.51	1201.88	1189.00	1201.37
20191108	0	1205.00	1215.65	1201.51	1205.00
20191111	0	1201.50	1206.20	1193.51	1199.00
20191112	0	1204.00	1209.60	1198.21	1201.60
20191113	0	1207.00	1227.80	1200.00	1224.00
20191114	0	1227.00	1240.00	1222.00	1230.00
20191115	0	1230.00	1232.91	1221.50	1224.90
20191118	0	1225.12	1229.45	1218.00	1227.28
20191119	0	1228.00	1241.61	1225.02	1232.32
20191120	0	1230.00	1239.51	1228.06	1233.75
20191121	0	1231.00	1235.51	1221.06	1231.30
20191122	0	1223.00	1229.00	1185.00	1194.00
20191125	0	1188.05	1194.00	1172.06	1182.06
20191126	0	1186.68	1198.60	1183.00	1185.00
20191127	0	1192.80	1196.62	1184.51	1189.95
20191128	0	1194.97	1197.51	1169.02	1175.80
20191129	0	1165.50	1165.50	1112.89	1129.00
20191202	0	1118.20	1140.02	1118.20	1133.00
20191203	0	1133.00	1133.00	1117.74	1118.00
20191204	0	1140.00	1144.66	1118.00	1122.33
20191205	0	1125.00	1132.01	1118.00	1129.80
20191206	0	1135.97	1170.00	1130.10	1170.00
20191209	0	1175.00	1176.00	1156.10	1158.70
20191210	0	1159.60	1165.00	1151.00	1164.40
20191211	0	1168.00	1170.75	1155.55	1158.98
20191212	0	1156.00	1159.94	1130.08	1137.00
20191213	0	1146.00	1165.00	1146.00	1163.00
20191216	0	1163.00	1163.00	1137.94	1147.92
20191217	0	1149.70	1173.60	1143.03	1169.98
20191218	0	1174.00	1175.20	1164.00	1168.00
20191219	0	1163.00	1163.00	1152.00	1157.40
20191220	0	1162.18	1162.18	1141.50	1146.30
20191223	0	1139.00	1162.50	1136.00	1149.30
20191224	0	1153.00	1155.00	1145.00	1148.00
20191225	0	1143.00	1143.00	1130.01	1133.70
20191226	0	1132.00	1141.98	1119.99	1135.10
20191227	0	1150.00	1172.00	1150.00	1163.00
20191230	0	1170.20	1195.50	1170.20	1185.80
20191231	0	1183.00	1188.00	1176.51	1183.00
20200102	0	1128.00	1145.06	1116.00	1130.00
20200103	0	1117.00	1117.00	1076.90	1078.56
20200106	0	1070.86	1092.90	1067.30	1077.99
20200107	0	1077.50	1099.00	1076.40	1094.53
20200108	0	1085.05	1095.50	1082.58	1088.14
20200109	0	1094.00	1105.39	1090.00	1102.70
20200110	0	1109.00	1115.99	1102.50	1112.50
20200113	0	1112.50	1129.20	1112.00	1124.27
20200114	0	1124.20	1124.89	1103.00	1107.40
20200115	0	1109.01	1121.60	1105.00	1112.13
20200116	0	1118.87	1118.87	1102.58	1107.00
20200117	0	1110.00	1112.78	1101.01	1107.50
20200120	0	1111.86	1111.86	1082.00	1091.00
20200121	0	1081.00	1087.00	1072.30	1075.30
20200122	0	1070.00	1084.00	1055.38	1075.51
20200123	0	1076.00	1076.00	1037.00	1052.80
20200203	0	985.00	1010.68	980.00	1003.92
20200204	0	1015.00	1057.00	1011.01	1038.01
20200205	0	1050.00	1054.00	1033.03	1049.99
20200206	0	1059.43	1075.00	1052.02	1071.00
20200207	0	1070.01	1077.00	1061.02	1076.00
20200210	0	1062.00	1074.60	1057.20	1066.49
20200211	0	1063.00	1099.68	1062.80	1098.00
20200212	0	1089.00	1098.79	1085.88	1097.27
20200213	0	1098.00	1113.89	1088.01	1091.00
20200214	0	1090.45	1093.51	1083.11	1088.00
20200217	0	1082.50	1096.19	1082.40	1093.82
20200218	0	1090.01	1096.88	1083.00	1084.00
20200219	0	1085.00	1101.50	1078.00	1096.50
20200220	0	1096.70	1124.00	1095.41	1118.00
20200221	0	1111.46	1123.54	1110.01	1112.88
20200224	0	1105.50	1110.00	1085.50	1087.18
20200225	0	1078.00	1082.09	1067.88	1074.81
20200226	0	1062.00	1084.00	1055.00	1073.70
20200227	0	1076.00	1094.99	1076.00	1087.39
20200228	0	1070.30	1082.00	1049.97	1057.00
20200302	0	1050.11	1096.55	1050.01	1086.01
20200303	0	1098.00	1118.88	1098.00	1113.00
20200304	0	1125.00	1139.00	1116.24	1128.92
20200305	0	1136.31	1174.99	1130.56	1171.00
20200306	0	1163.00	1176.00	1151.98	1155.50
20200309	0	1135.00	1135.00	1111.31	1114.01
20200310	0	1113.00	1168.00	1113.00	1156.00
20200311	0	1155.50	1169.58	1141.00	1158.52
20200312	0	1141.22	1153.00	1125.10	1138.50
20200313	0	1090.00	1128.98	1080.00	1112.03
20200316	0	1103.98	1107.95	1062.00	1067.00
20200317	0	1055.00	1078.00	1011.12	1045.10
20200318	0	1040.00	1060.00	1007.99	1007.99
20200319	0	993.99	1015.00	960.10	996.00
20200320	0	1011.00	1043.00	1011.00	1035.28
20200323	0	1000.00	1035.28	991.52	1019.00
20200324	0	1043.00	1058.88	1035.00	1056.00
20200325	0	1087.98	1091.36	1074.20	1080.10
20200326	0	1073.33	1091.20	1062.00	1064.92
20200327	0	1085.00	1092.00	1075.01	1075.50
20200330	0	1060.25	1077.00	1057.00	1072.00
20200331	0	1082.00	1115.00	1081.80	1111.00
20200401	0	1117.00	1129.00	1103.00	1103.00
20200402	0	1104.00	1145.00	1103.88	1145.00
20200403	0	1139.03	1147.96	1131.98	1139.79
20200407	0	1161.95	1166.50	1148.89	1159.95
20200408	0	1152.00	1166.31	1152.00	1159.76
20200409	0	1166.00	1169.00	1147.96	1158.50
20200410	0	1157.88	1181.50	1153.50	1165.00
20200413	0	1165.00	1169.98	1148.50	1162.30
20200414	0	1176.00	1191.55	1166.00	1185.10
20200415	0	1192.00	1203.99	1187.10	1189.60
20200416	0	1192.97	1197.10	1184.10	1197.10
20200417	0	1210.00	1234.56	1205.01	1226.00
20200420	0	1221.00	1231.50	1216.80	1227.30
20200421	0	1221.02	1223.99	1193.00	1200.00
20200422	0	1206.00	1249.50	1202.22	1244.50
20200423	0	1250.00	1265.68	1247.77	1252.26
20200424	0	1248.00	1259.89	1235.18	1250.56
20200427	0	1257.00	1278.17	1250.96	1276.00
20200428	0	1285.31	1299.94	1271.88	1279.13
20200429	0	1277.80	1288.10	1258.00	1274.90
20200430	0	1271.00	1285.01	1258.88	1265.70
20200506	0	1251.00	1300.00	1250.00	1300.00
20200507	0	1299.40	1314.99	1293.00	1312.00
20200508	0	1317.00	1338.00	1308.51	1314.61
20200511	0	1320.00	1335.00	1313.67	1323.01
20200512	0	1318.00	1334.99	1316.00	1333.00
20200513	0	1333.00	1337.99	1322.88	1335.95
20200514	0	1330.00	1334.88	1325.11	1326.59
20200515	0	1329.00	1333.50	1301.88	1313.00
20200518	0	1306.00	1351.50	1305.13	1346.21
20200519	0	1364.00	1364.00	1338.00	1346.11
20200520	0	1346.11	1359.18	1336.81	1351.00
20200521	0	1355.00	1371.96	1352.86	1366.10
20200522	0	1366.00	1366.10	1322.88	1328.20
20200525	0	1330.00	1366.58	1321.00	1362.90
20200526	0	1369.88	1369.95	1355.00	1358.00
20200527	0	1359.00	1360.00	1333.00	1338.00
20200528	0	1337.97	1346.94	1321.13	1344.00
20200529	0	1332.10	1369.98	1332.10	1366.60
20200601	0	1381.00	1420.10	1381.00	1419.50
20200602	0	1416.01	1427.90	1406.66	1410.71
20200603	0	1415.00	1417.50	1395.77	1399.30
20200604	0	1396.00	1411.00	1396.00	1407.99
20200605	0	1405.25	1428.88	1401.08	1425.00
20200608	0	1425.00	1435.00	1402.01	1406.10
20200609	0	1408.00	1425.00	1400.68	1416.55
20200610	0	1425.00	1433.33	1417.00	1423.66
20200611	0	1411.01	1417.99	1396.99	1400.46
20200612	0	1387.17	1416.37	1383.31	1416.37
20200615	0	1402.00	1411.60	1381.00	1383.00
20200616	0	1398.50	1414.00	1393.13	1403.88
20200617	0	1411.86	1411.90	1395.02	1405.00
20200618	0	1404.90	1413.20	1400.10	1413.00
20200619	0	1420.00	1445.20	1415.10	1439.84
20200622	0	1435.10	1443.89	1433.20	1439.00
20200623	0	1435.00	1482.00	1433.52	1474.50
20200624	0	1463.60	1465.71	1445.00	1460.01
20200629	0	1448.00	1466.00	1437.01	1463.17
20200630	0	1463.12	1468.98	1455.12	1462.88
20200701	0	1468.00	1506.10	1464.02	1494.27
20200702	0	1499.00	1550.90	1495.00	1544.00
20200703	0	1550.00	1552.50	1516.88	1541.79
20200706	0	1538.00	1616.00	1531.81	1600.00
20200707	0	1603.09	1744.82	1601.00	1688.00
20200708	0	1680.00	1719.00	1660.00	1681.34
20200709	0	1691.00	1712.00	1682.00	1706.00
20200710	0	1689.00	1736.60	1688.94	1713.85
20200713	0	1714.68	1787.00	1714.68	1781.99
20200714	0	1781.99	1782.03	1748.40	1762.00
20200715	0	1744.88	1782.60	1744.71	1752.53
20200716	0	1729.91	1729.91	1600.00	1614.00
20200717	0	1620.00	1672.59	1620.00	1648.05
20200720	0	1652.50	1663.99	1588.88	1636.96
20200721	0	1646.64	1702.80	1630.99	1668.00
20200722	0	1658.00	1710.00	1658.00	1678.08
20200723	0	1672.00	1691.00	1650.00	1676.00
20200724	0	1654.85	1666.00	1585.00	1595.30
20200727	0	1616.01	1629.80	1600.00	1622.55
20200728	0	1630.00	1680.00	1630.00	1670.00
20200729	0	1690.00	1690.00	1633.00	1672.00
20200730	0	1671.20	1700.59	1670.50	1680.00
20200731	0	1685.00	1705.00	1646.00	1678.18
20200803	0	1686.88	1696.58	1660.00	1668.00
20200804	0	1675.00	1682.99	1660.00	1669.99
20200805	0	1662.09	1673.09	1643.31	1668.00
20200806	0	1670.00	1674.03	1630.00	1637.96
20200807	0	1644.77	1649.67	1598.50	1631.00
20200810	0	1627.97	1644.96	1608.11	1633.99
20200811	0	1640.00	1666.43	1640.00	1642.51
20200812	0	1633.00	1641.00	1605.25	1626.95
20200813	0	1630.00	1638.88	1609.00	1635.00
20200814	0	1639.90	1665.70	1631.00	1661.00
20200817	0	1674.00	1704.35	1670.00	1690.00
20200818	0	1697.38	1720.00	1691.00	1705.00
20200819	0	1700.00	1717.00	1682.99	1687.00
20200820	0	1674.00	1679.00	1656.00	1664.00
20200821	0	1673.00	1698.00	1671.00	1676.00
20200824	0	1700.00	1708.00	1691.01	1696.35
20200825	0	1704.80	1746.78	1698.63	1727.00
20200826	0	1734.00	1745.00	1715.02	1727.00
20200827	0	1731.99	1733.98	1705.00	1731.00
20200828	0	1731.00	1764.00	1721.50	1757.00
20200831	0	1770.58	1816.00	1770.58	1786.50
20200901	0	1792.00	1802.00	1775.01	1801.98
20200902	0	1825.00	1828.00	1770.00	1795.00
20200903	0	1795.00	1812.00	1779.70	1793.00
20200904	0	1766.00	1776.99	1746.00	1770.00
20200907	0	1760.00	1777.99	1703.97	1723.50
20200908	0	1732.00	1737.80	1677.07	1711.40
20200909	0	1699.67	1711.00	1680.04	1688.00
20200910	0	1703.74	1720.00	1700.00	1705.80
20200911	0	1688.00	1736.00	1688.00	1733.00
20200914	0	1745.00	1769.00	1730.58	1766.00
20200915	0	1769.99	1769.99	1747.75	1760.00
20200916	0	1760.00	1764.81	1719.00	1725.10
20200917	0	1700.00	1700.00	1658.00	1670.52
20200918	0	1665.00	1695.00	1635.01	1695.00
20200921	0	1692.76	1692.76	1666.66	1666.80
20200922	0	1650.00	1686.98	1650.00	1665.69
20200923	0	1635.00	1666.01	1621.02	1649.98
20200924	0	1635.97	1658.88	1626.80	1629.32
20200925	0	1630.00	1650.00	1625.00	1635.11
20200928	0	1635.19	1668.50	1635.19	1661.00
20200929	0	1669.33	1669.40	1652.30	1652.30
20200930	0	1660.00	1691.90	1660.00	1668.50
20201009	0	1692.00	1706.42	1688.00	1696.00
20201012	0	1700.00	1750.61	1700.00	1750.61
20201013	0	1750.62	1750.62	1735.00	1739.00
20201014	0	1740.00	1746.98	1726.00	1729.00
20201015	0	1721.13	1735.00	1721.00	1725.00
20201016	0	1725.00	1734.58	1703.00	1712.00
20201019	0	1725.00	1733.98	1691.90	1699.00
20201020	0	1699.99	1734.97	1695.00	1734.00
20201021	0	1734.10	1742.15	1723.00	1733.33
20201022	0	1730.00	1745.00	1715.51	1742.50
20201023	0	1740.78	1747.59	1714.00	1715.33
20201026	0	1619.00	1662.92	1600.00	1643.00
20201027	0	1643.00	1644.00	1616.12	1625.00
20201028	0	1626.00	1677.00	1625.08	1664.81
20201029	0	1654.84	1708.00	1647.00	1676.00
20201030	0	1678.00	1696.00	1665.00	1670.02
20201102	0	1675.00	1695.00	1672.00	1674.01
20201103	0	1684.99	1705.90	1675.50	1695.00
20201104	0	1700.00	1704.00	1685.00	1699.58
20201105	0	1717.00	1732.48	1712.10	1721.90
20201106	0	1730.55	1731.59	1690.00	1700.62
20201109	0	1701.38	1750.68	1700.62	1742.57
20201110	0	1752.92	1764.48	1736.00	1745.00
20201111	0	1745.00	1777.50	1731.00	1731.35
20201112	0	1730.01	1750.00	1722.27	1734.79
20201113	0	1724.00	1728.88	1691.00	1705.00
20201116	0	1711.00	1730.05	1697.26	1730.05
20201117	0	1740.00	1742.35	1701.07	1715.80
20201118	0	1715.00	1720.53	1683.16	1693.65
20201119	0	1684.50	1725.00	1680.60	1720.19
20201120	0	1720.00	1736.00	1712.65	1719.96
20201123	0	1771.01	1809.90	1771.01	1790.21
20201124	0	1769.99	1782.50	1751.47	1763.50
20201125	0	1761.50	1768.88	1724.00	1726.88
20201126	0	1726.00	1739.99	1725.18	1734.39
20201127	0	1732.66	1740.03	1718.00	1737.90
20201130	0	1735.00	1738.90	1713.91	1713.91
20201201	0	1726.00	1738.99	1720.01	1737.00
20201202	0	1746.00	1749.00	1731.00	1738.01
20201203	0	1738.01	1755.66	1732.10	1749.00
20201204	0	1752.00	1800.10	1752.00	1793.11
20201207	0	1802.70	1840.39	1800.55	1812.40
20201208	0	1815.00	1875.00	1813.00	1850.00
20201209	0	1865.95	1866.00	1839.00	1840.00
20201210	0	1840.00	1849.77	1828.00	1832.90
20201211	0	1834.78	1837.32	1804.81	1820.00
20201214	0	1827.77	1829.98	1815.00	1829.00
20201215	0	1833.50	1837.22	1805.00	1816.01
20201216	0	1830.50	1845.67	1820.21	1840.00
20201217	0	1845.50	1868.00	1840.00	1865.51
20201218	0	1851.81	1869.01	1841.08	1845.00
20201221	0	1840.00	1851.23	1837.60	1842.50
20201222	0	1849.97	1898.99	1842.51	1881.00
20201223	0	1897.99	1906.20	1821.02	1841.65
20201224	0	1818.00	1858.88	1795.02	1830.34
20201225	0	1802.99	1847.00	1800.00	1830.00
20201228	0	1826.60	1888.80	1826.05	1873.00
20201229	0	1873.00	1886.80	1855.00	1867.00
20201230	0	1870.00	1933.00	1869.99	1933.00
20201231	0	1941.00	1998.98	1939.00	1998.00
20210104	0	1999.98	2004.99	1983.81	1997.00
20210105	0	1990.00	2059.45	1982.46	2059.45
20210106	0	2064.80	2125.00	2036.03	2100.00
20210107	0	2097.00	2140.00	2075.00	2140.00
20210108	0	2142.00	2150.88	2063.02	2090.00
20210111	0	2090.00	2150.50	2058.60	2099.73
20210112	0	2088.00	2160.90	2085.00	2160.90
20210113	0	2164.00	2173.33	2135.00	2164.00
20210114	0	2156.00	2163.00	2116.11	2134.00
20210115	0	2115.00	2134.35	2029.00	2082.00
20210118	0	2061.06	2091.48	2040.27	2063.00
20210119	0	2073.11	2096.30	2006.85	2009.41
20210120	0	2008.00	2055.49	1982.50	2040.63
20210121	0	2048.00	2090.02	2041.00	2070.00
20210122	0	2069.00	2100.00	2060.10	2079.95
20210125	0	2083.00	2179.50	2083.00	2175.00
20210126	0	2185.00	2187.00	2125.11	2141.89
20210127	0	2141.89	2141.89	2085.00	2089.00
20210128	0	2080.00	2109.66	2060.02	2088.00
20210129	0	2101.19	2149.48	2090.22	2116.18
20210201	0	2130.00	2160.00	2095.00	2109.32
20210202	0	2112.22	2149.99	2102.10	2145.00
20210203	0	2150.00	2198.27	2140.00	2189.91
20210204	0	2191.00	2330.00	2191.00	2320.85
20210205	0	2325.00	2364.60	2291.00	2313.00
20210208	0	2337.00	2378.88	2313.00	2368.80
20210209	0	2368.80	2456.43	2350.00	2456.43
20210210	0	2485.00	2601.20	2485.00	2601.00
20210218	0	2587.98	2627.88	2465.00	2471.00
20210219	0	2451.16	2496.66	2381.60	2460.00
20210222	0	2455.00	2455.00	2278.22	2288.02
20210223	0	2265.14	2344.89	2265.00	2307.00
20210224	0	2307.99	2318.00	2160.50	2189.00
20210225	0	2209.00	2224.50	2121.21	2150.00
20210226	0	2100.00	2179.95	2067.30	2122.78
20210301	0	2179.00	2179.00	2120.00	2158.00
20210302	0	2180.00	2180.00	2033.00	2058.00
20210303	0	2040.00	2149.77	2033.00	2140.00
20210304	0	2095.00	2096.00	2010.10	2033.00
20210305	0	2000.00	2095.00	1988.00	2060.11
20210308	0	2074.96	2085.00	1960.00	1960.00
20210309	0	1955.00	2000.00	1900.18	1936.99
20210310	0	1977.00	1999.87	1967.00	1970.01
20210311	0	1975.00	2079.99	1961.48	2048.00
20210312	0	2070.00	2077.00	2002.01	2026.00
20210315	0	2050.00	2069.80	1951.15	1975.45
20210316	0	1974.93	2019.99	1965.00	2010.50
20210317	0	2000.00	2050.00	1976.01	2030.36
20210318	0	2035.00	2086.36	2035.00	2069.70
20210319	0	2035.00	2043.00	1992.23	2010.00
20210322	0	2000.10	2026.09	1955.55	1989.99
20210323	0	1998.88	2008.80	1970.00	1996.00
20210324	0	1981.00	2013.00	1981.00	1989.00
20210325	0	1970.01	1988.88	1946.80	1971.00
20210326	0	1985.00	2022.00	1958.00	2013.00
20210329	0	2043.20	2096.35	2026.15	2034.10
20210330	0	2040.00	2086.00	2035.08	2056.05
20210331	0	2045.10	2046.02	2000.00	2009.00
20210401	0	2021.00	2046.80	2001.22	2044.50
20210402	0	2056.00	2165.00	2056.00	2162.00
20210406	0	2161.00	2161.98	2102.30	2126.03
20210407	0	2104.06	2117.30	2050.00	2061.00
20210408	0	2047.03	2079.00	2044.00	2070.00
20210409	0	2042.00	2054.00	2005.01	2020.00
20210412	0	2011.00	2030.00	1991.70	2008.89
20210413	0	2020.00	2049.80	2009.00	2021.00
20210414	0	2035.00	2048.00	2016.00	2047.00
20210415	0	2030.90	2046.90	1990.00	2015.60
20210416	0	2025.08	2068.00	2012.00	2054.98
20210419	0	2055.00	2098.36	2033.00	2088.00
20210420	0	2071.10	2129.00	2070.00	2094.80
20210421	0	2076.00	2097.80	2065.10	2080.00
20210422	0	2089.90	2099.00	2051.50	2055.50
20210423	0	2055.97	2119.88	2052.50	2108.94
20210426	0	2132.00	2135.00	2073.60	2077.82
20210427	0	2087.08	2095.25	2065.09	2094.44
20210428	0	2010.00	2047.50	2003.00	2042.00
20210429	0	2047.04	2049.94	2014.00	2026.36
20210430	0	2026.00	2036.00	2003.71	2006.78
20210506	0	2000.00	2006.84	1953.00	1959.00
20210507	0	1965.00	1967.98	1901.00	1903.00
20210510	0	1900.00	1909.00	1866.01	1879.03
20210511	0	1876.00	1966.00	1873.30	1959.00
20210512	0	1949.08	1999.00	1949.00	1984.00
20210513	0	1965.75	1985.05	1953.00	1971.50
20210514	0	1982.00	2030.50	1976.00	2009.85
20210517	0	2025.10	2085.20	2025.10	2057.96
20210518	0	2065.00	2077.00	2045.06	2059.31
20210519	0	2059.00	2074.81	2040.00	2049.00
20210520	0	2074.00	2074.10	2045.36	2058.88
20210521	0	2055.08	2079.88	2037.02	2042.10
20210524	0	2051.00	2080.06	2031.00	2071.29
20210525	0	2085.00	2200.10	2085.00	2194.50
20210526	0	2207.98	2241.80	2193.08	2220.00
20210527	0	2211.02	2320.00	2201.10	2245.00
20210528	0	2240.97	2250.00	2205.51	2230.00
20210531	0	2215.50	2218.35	2172.00	2218.00
20210601	0	2222.00	2248.95	2206.00	2240.95
20210602	0	2250.00	2264.00	2208.18	2222.00
20210603	0	2220.00	2260.34	2210.08	2222.22
20210604	0	2215.00	2288.00	2214.04	2251.50
20210607	0	2265.00	2279.00	2240.01	2271.00
20210608	0	2260.00	2279.99	2161.15	2191.00
20210609	0	2192.00	2214.00	2160.11	2199.50
20210610	0	2195.00	2251.37	2190.08	2238.48
20210611	0	2239.00	2244.00	2178.81	2178.81
20210615	0	2195.10	2208.88	2148.00	2193.00
20210616	0	2192.00	2195.00	2148.00	2158.00
20210617	0	2155.65	2188.00	2144.36	2156.91
20210618	0	2147.00	2156.50	2065.00	2090.94
20210621	0	2085.00	2099.69	2050.00	2081.64
20210622	0	2092.00	2098.00	2053.89	2074.97
20210623	0	2080.00	2083.00	2034.15	2038.00
20210624	0	2040.01	2080.00	2021.00	2068.05
20210625	0	2049.96	2109.00	2042.60	2092.00
20210628	0	2100.00	2118.00	2073.00	2103.01
20210629	0	2108.00	2115.00	2051.00	2062.00
20210630	0	2065.00	2074.00	2046.30	2056.70
20210701	0	2059.97	2110.00	2031.60	2105.00
20210702	0	2075.00	2075.00	2011.50	2013.00
20210705	0	2000.00	2019.88	1985.00	1994.00
20210706	0	1995.00	2014.00	1960.01	2012.90
20210707	0	2010.00	2028.88	1999.01	2004.00
20210708	0	2000.10	2004.00	1968.00	1985.00
20210709	0	1964.52	1985.91	1945.00	1972.11
20210712	0	1975.55	1998.78	1940.50	1961.00
20210713	0	1968.00	2005.50	1965.00	1982.90
20210714	0	1974.00	1974.50	1945.00	1962.00
20210715	0	1955.02	2013.00	1950.60	1997.99
20210716	0	1980.00	1996.60	1950.00	1955.90
20210719	0	1955.89	1986.00	1941.00	1975.00
20210720	0	1975.00	1988.93	1961.41	1980.00
20210721	0	1989.00	2006.00	1962.01	1969.00
20210722	0	1960.00	1973.90	1938.96	1940.01
20210723	0	1937.82	1937.82	1895.09	1900.00
20210726	0	1879.00	1879.00	1780.00	1804.11
20210727	0	1803.00	1810.00	1703.00	1712.89
20210728	0	1703.00	1788.20	1682.12	1768.90
20210729	0	1810.01	1823.00	1734.34	1749.79
20210730	0	1725.00	1725.00	1657.76	1678.99
20210802	0	1664.00	1755.98	1620.72	1755.00
20210803	0	1730.00	1768.99	1688.80	1749.30
20210804	0	1734.06	1760.00	1718.00	1724.00
20210805	0	1692.88	1745.00	1676.36	1699.00
20210806	0	1689.00	1694.01	1646.60	1671.00
20210809	0	1651.00	1709.00	1650.00	1693.80
20210810	0	1700.00	1802.88	1675.00	1799.00
20210811	0	1780.01	1785.01	1750.01	1750.50
20210812	0	1732.00	1749.00	1686.19	1690.00
20210813	0	1690.00	1713.00	1679.00	1700.04
20210816	0	1696.00	1713.60	1685.08	1699.20
20210817	0	1700.00	1700.00	1628.88	1635.00
20210818	0	1624.66	1642.99	1600.00	1620.00
20210819	0	1622.22	1643.20	1600.00	1619.97
20210820	0	1555.17	1597.55	1525.50	1548.00
20210823	0	1537.88	1599.00	1536.77	1570.19
20210824	0	1575.00	1642.55	1565.77	1625.18
20210825	0	1647.64	1680.87	1643.00	1665.02
20210826	0	1664.99	1664.99	1594.72	1595.00
20210827	0	1589.00	1625.00	1584.10	1596.03
20210830	0	1605.00	1613.00	1545.95	1586.00
20210831	0	1589.80	1616.35	1555.10	1558.00
20210901	0	1559.00	1634.99	1531.10	1622.01
20210902	0	1632.99	1643.00	1600.89	1618.80
20210903	0	1610.02	1659.79	1582.00	1658.22
20210906	0	1649.00	1708.16	1626.15	1670.67
20210907	0	1661.03	1684.48	1651.00	1669.00
20210908	0	1660.00	1671.18	1628.08	1633.10
20210909	0	1626.00	1645.00	1624.01	1634.08
20210910	0	1634.08	1668.80	1633.00	1662.58
20210913	0	1665.00	1684.00	1640.10	1654.00
20210914	0	1659.00	1683.00	1653.00	1657.00
20210915	0	1650.00	1660.00	1610.00	1615.74
20210916	0	1603.00	1644.00	1585.00	1638.07
20210917	0	1620.00	1705.60	1620.00	1686.00
20210922	0	1658.83	1688.00	1635.00	1637.69
20210923	0	1638.00	1655.88	1625.08	1635.00
20210924	0	1628.00	1719.98	1628.00	1694.00
20210927	0	1750.00	1863.40	1750.00	1855.00
20210928	0	1848.00	1860.00	1795.00	1822.06
20210929	0	1809.00	1845.01	1785.90	1820.00
20210930	0	1818.18	1850.22	1803.40	1830.00
20211008	0	1822.42	1878.00	1807.23	1839.60
20211011	0	1839.51	1889.90	1831.01	1867.12
20211012	0	1866.00	1877.00	1842.42	1870.99
20211013	0	1870.00	1949.95	1862.00	1929.90
20211014	0	1928.93	1941.80	1896.00	1911.00
20211015	0	1890.10	1929.99	1890.10	1916.97
20211018	0	1888.00	1888.00	1787.00	1800.00
20211019	0	1800.00	1838.80	1799.88	1812.18
20211020	0	1833.00	1849.80	1806.01	1841.00
20211021	0	1841.10	1860.00	1829.00	1844.00
20211022	0	1855.00	1921.01	1854.00	1901.00
20211025	0	1880.00	1885.01	1858.00	1873.03
20211026	0	1864.03	1878.99	1844.00	1861.05
20211027	0	1852.30	1858.30	1800.10	1819.00
20211028	0	1825.20	1843.78	1802.00	1825.49
20211029	0	1825.00	1848.00	1813.00	1826.08
20211101	0	1780.00	1826.30	1760.00	1803.00
20211102	0	1796.70	1844.22	1788.00	1804.64
20211103	0	1800.00	1809.98	1761.19	1765.00
20211104	0	1777.94	1816.00	1769.42	1804.20
20211105	0	1804.21	1844.99	1804.21	1819.94
20211108	0	1820.00	1830.80	1802.05	1820.10
20211109	0	1819.98	1827.87	1782.00	1790.01
20211110	0	1790.01	1795.00	1735.00	1753.99
20211111	0	1752.93	1769.60	1741.50	1769.60
20211112	0	1778.00	1785.05	1766.66	1773.78
20211115	0	1773.68	1784.00	1750.00	1761.14
20211116	0	1768.00	1818.00	1765.00	1808.00
20211117	0	1805.00	1820.50	1790.01	1795.00
20211118	0	1781.22	1807.00	1770.00	1792.00
20211119	0	1794.19	1849.00	1788.20	1828.41
20211122	0	1849.00	1909.00	1848.00	1854.27
20211123	0	1852.00	1917.00	1852.00	1896.43
20211124	0	1900.00	1966.00	1897.00	1941.00
20211125	0	1953.00	1986.20	1946.25	1956.03
20211126	0	1964.83	1967.00	1925.00	1941.01
20211129	0	1960.00	1990.00	1951.08	1985.00
20211130	0	1985.40	1989.90	1927.50	1930.77
20211201	0	1950.00	1959.95	1919.02	1932.99
20211202	0	1940.00	1942.15	1919.60	1934.00
20211203	0	1932.00	1988.62	1931.05	1971.88
20211206	0	1983.00	1990.00	1950.00	1967.30
20211207	0	1980.74	1987.87	1946.73	1955.87
20211208	0	1964.88	2045.00	1950.00	2043.00
20211209	0	2054.94	2116.92	2045.00	2086.55
20211210	0	2060.00	2095.78	2056.00	2090.00
20211213	0	2154.00	2180.00	2118.00	2118.20
20211214	0	2118.20	2167.90	2100.00	2150.00
20211215	0	2142.15	2164.95	2125.02	2135.00
20211216	0	2115.00	2144.05	2086.23	2118.99
20211217	0	2100.50	2108.00	2036.00	2050.70
20211220	0	2050.70	2085.66	2041.00	2058.96
20211221	0	2045.00	2069.13	2012.83	2038.20
20211222	0	2040.00	2063.00	2040.00	2048.00
20211223	0	2053.00	2120.00	2025.00	2120.00
20211224	0	2148.88	2216.96	2148.88	2194.09
20211227	0	2168.00	2168.00	2112.00	2131.82
20211228	0	2133.00	2155.50	2116.60	2138.18
20211229	0	2150.00	2154.25	2041.00	2041.00
20211230	0	2041.00	2088.98	2028.00	2075.00
20211231	0	2070.00	2072.98	2028.00	2050.00
20220104	0	2055.00	2068.95	2014.00	2051.23
20220105	0	2045.00	2065.00	2018.00	2024.00
20220106	0	2022.01	2036.00	1938.51	1982.22
20220107	0	1975.00	1988.88	1939.32	1942.00
20220110	0	1928.01	1977.00	1917.55	1966.00
20220111	0	1948.00	1965.00	1931.17	1940.55
20220112	0	1948.00	1978.80	1948.00	1967.00
20220113	0	1964.82	1967.99	1865.56	1877.39
20220114	0	1877.39	1893.00	1863.00	1867.00
20220117	0	1868.00	1878.30	1835.34	1861.61
20220118	0	1861.68	1908.85	1852.00	1892.27
20220119	0	1919.00	1919.00	1888.88	1912.00
20220120	0	1916.00	1979.99	1916.00	1969.52
20220121	0	1960.00	1993.49	1951.01	1984.99
20220124	0	1955.00	1984.00	1931.44	1950.20
20220125	0	1943.00	1966.00	1931.00	1943.00
20220126	0	1942.04	1969.00	1919.00	1955.00
20220127	0	2001.01	2010.82	1952.00	1965.00
20220128	0	1955.00	1968.00	1880.01	1887.00
20220207	0	1900.99	1913.56	1850.00	1867.96
20220208	0	1868.88	1872.87	1790.00	1839.00
20220209	0	1839.09	1908.00	1826.97	1895.98
20220210	0	1900.00	1905.90	1857.39	1873.00
20220211	0	1857.00	1900.79	1841.00	1849.97
20220214	0	1840.00	1877.00	1837.31	1868.67
20220215	0	1868.80	1911.00	1859.00	1890.62
20220216	0	1900.00	1907.00	1888.00	1892.55
20220217	0	1900.61	1911.48	1881.00	1886.99
20220218	0	1877.63	1907.98	1865.66	1907.00
20220221	0	1900.00	1906.90	1868.95	1876.99
20220222	0	1860.01	1861.00	1800.02	1807.87
20220223	0	1811.41	1834.00	1800.08	1827.01
20220224	0	1808.00	1813.99	1748.10	1764.11
20220225	0	1775.00	1808.28	1775.00	1799.06
20220228	0	1787.06	1797.00	1767.00	1790.40
20220301	0	1802.00	1863.57	1802.00	1858.48
20220302	0	1840.00	1850.99	1825.00	1844.88
20220303	0	1845.80	1850.25	1794.00	1800.00
20220304	0	1772.00	1792.89	1755.10	1780.50
20220307	0	1760.20	1768.00	1703.80	1707.00
20220308	0	1759.98	1786.66	1732.00	1753.20
20220309	0	1764.10	1805.00	1721.11	1779.18
20220310	0	1808.00	1821.00	1791.00	1794.43
20220311	0	1766.00	1777.00	1718.08	1769.01
20220314	0	1730.00	1750.00	1700.00	1700.00
20220315	0	1650.00	1685.00	1603.00	1603.00
20220316	0	1634.00	1683.90	1593.00	1674.95
20220317	0	1720.00	1755.00	1711.66	1720.15
20220318	0	1718.00	1745.00	1692.28	1707.79
20220321	0	1724.00	1725.65	1695.01	1704.30
20220322	0	1723.88	1723.88	1686.33	1695.00
20220323	0	1705.00	1770.00	1697.00	1752.19
20220324	0	1738.00	1740.00	1717.35	1720.93
20220325	0	1712.00	1734.00	1685.00	1690.00
20220328	0	1625.00	1664.80	1604.00	1660.80
20220329	0	1661.50	1691.50	1661.50	1667.00
20220330	0	1698.00	1730.10	1695.00	1730.10
20220331	0	1720.00	1738.60	1708.80	1719.00
20220401	0	1729.94	1793.00	1721.69	1780.01
20220406	0	1753.00	1788.73	1753.00	1765.00
20220407	0	1758.00	1785.00	1750.10	1765.00
20220408	0	1768.00	1788.70	1766.54	1784.00
20220411	0	1770.00	1770.00	1706.03	1720.00
20220412	0	1729.00	1787.97	1708.00	1782.00
20220413	0	1767.00	1795.00	1751.08	1769.00
20220414	0	1788.00	1835.90	1780.20	1809.00
20220415	0	1802.20	1818.00	1795.89	1805.99
20220418	0	1781.13	1798.00	1768.00	1790.82
20220419	0	1800.00	1832.99	1775.50	1790.30
20220420	0	1801.69	1820.00	1768.68	1797.00
20220421	0	1790.20	1806.00	1770.00	1779.98
20220422	0	1763.00	1787.88	1760.18	1773.00
20220425	0	1750.00	1776.50	1702.00	1708.00
20220426	0	1703.33	1748.98	1700.00	1732.48
20220427	0	1767.12	1810.00	1767.12	1794.92
20220428	0	1793.00	1845.00	1786.50	1835.00
20220429	0	1836.00	1849.00	1810.98	1828.38
20220505	0	1830.00	1870.00	1828.98	1837.00
20220506	0	1814.99	1819.00	1781.00	1793.00
20220509	0	1780.00	1780.00	1738.00	1752.00
20220510	0	1720.00	1784.96	1705.01	1766.19
20220511	0	1755.00	1788.48	1752.00	1768.00
20220512	0	1753.00	1778.00	1750.00	1762.67
20220513	0	1780.00	1797.94	1766.00	1778.24
20220516	0	1797.00	1797.00	1742.67	1758.00
20220517	0	1769.88	1775.00	1755.00	1768.00
20220518	0	1773.66	1773.92	1743.02	1761.00
20220519	0	1745.00	1757.00	1739.00	1756.00
20220520	0	1759.99	1801.15	1752.00	1800.01
20220523	0	1800.00	1803.89	1772.00	1781.00
20220524	0	1786.00	1787.00	1755.50	1760.00
20220525	0	1765.27	1772.00	1747.00	1755.51
20220526	0	1761.00	1761.00	1730.00	1742.80
20220527	0	1759.99	1780.00	1753.01	1755.16
20220530	0	1766.00	1790.55	1766.00	1778.41
20220531	0	1774.77	1814.90	1766.98	1804.03
20220601	0	1802.00	1814.78	1779.00	1788.25
20220602	0	1787.97	1795.80	1780.00	1786.00
20220606	0	1790.00	1795.00	1758.00	1788.00
20220607	0	1784.14	1825.00	1770.31	1817.90
20220608	0	1825.00	1882.00	1825.00	1865.60
20220609	0	1872.00	1888.35	1849.00	1853.00
20220610	0	1845.01	1907.00	1835.00	1900.60
20220613	0	1890.00	1892.00	1848.08	1856.00
20220614	0	1834.00	1875.42	1832.00	1871.00
20220615	0	1870.00	1905.00	1862.99	1875.10
20220616	0	1894.59	1907.63	1875.33	1877.00
20220617	0	1878.09	1952.00	1878.09	1951.00
20220620	0	1950.00	1970.00	1930.00	1942.02
20220621	0	1949.00	1966.99	1928.00	1945.74
20220622	0	1955.00	1958.00	1932.00	1936.00
20220623	0	1942.70	1965.04	1940.00	1957.10
20220624	0	1970.00	2020.00	1965.00	2009.01
20220627	0	2019.94	2049.94	2000.30	2010.55
20220628	0	2019.74	2041.00	2001.00	2036.00
20220629	0	2028.00	2042.00	2011.01	2030.00
20220630	0	2000.00	2077.00	1999.99	2045.00
20220701	0	2055.00	2067.77	2015.21	2029.05
20220704	0	2020.01	2024.29	2001.01	2018.00
20220705	0	2025.28	2054.45	2010.00	2033.01
20220706	0	2032.00	2039.00	1986.00	2002.00
20220707	0	2005.00	2009.35	1985.01	1990.00
20220708	0	2005.00	2014.89	1996.16	1999.00
20220711	0	1990.20	1994.77	1950.50	1963.60
20220712	0	1965.00	1972.80	1930.06	1948.41
20220713	0	1945.00	1972.00	1940.67	1958.89
20220714	0	1960.00	1976.80	1941.00	1953.00
20220715	0	1945.11	1999.68	1944.51	1949.50
20220718	0	1952.36	1959.00	1922.00	1951.66
20220719	0	1945.00	1951.65	1926.00	1943.10
20220720	0	1958.75	1970.00	1945.00	1950.10
20220721	0	1943.10	1955.90	1934.51	1939.00
20220722	0	1949.22	1962.00	1935.00	1947.00
20220725	0	1949.51	1952.30	1931.00	1944.65
20220726	0	1952.99	1964.97	1947.02	1950.21
20220727	0	1942.00	1948.00	1917.00	1919.60
20220728	0	1921.10	1938.00	1892.66	1898.00
20220729	0	1895.10	1918.99	1878.10	1898.44
20220801	0	1890.01	1908.00	1881.18	1890.30
20220802	0	1880.00	1887.98	1858.01	1879.98
20220803	0	1889.99	1904.00	1877.00	1885.00
20220804	0	1890.00	1923.10	1880.13	1916.01
20220805	0	1927.80	1935.00	1904.90	1923.96
20220808	0	1915.15	1932.88	1907.51	1911.53
20220809	0	1911.53	1918.99	1905.00	1910.00
20220810	0	1909.98	1918.00	1864.58	1876.00
20220811	0	1886.00	1907.00	1878.01	1906.90
20220812	0	1906.90	1930.00	1900.00	1928.00
20220815	0	1920.46	1939.50	1915.55	1919.89
20220816	0	1923.94	1933.79	1916.00	1917.84
20220817	0	1930.00	1930.00	1895.00	1918.00
20220818	0	1908.00	1913.08	1881.07	1895.50
20220819	0	1898.00	1908.35	1888.00	1895.01
20220822	0	1885.01	1907.00	1881.38	1893.98
20220823	0	1898.60	1898.60	1867.00	1870.01
20220824	0	1869.99	1875.23	1851.00	1854.20
20220825	0	1859.00	1888.00	1854.20	1885.00
20220826	0	1900.00	1912.00	1886.00	1898.00
20220829	0	1883.00	1899.97	1874.00	1878.82
20220830	0	1882.35	1885.00	1854.20	1870.00
20220831	0	1860.10	1925.56	1860.01	1924.00
20220901	0	1912.15	1916.00	1880.89	1880.89
20220902	0	1889.94	1892.96	1866.17	1875.00
20220905	0	1862.64	1869.00	1820.00	1835.00
20220906	0	1835.36	1848.20	1825.00	1845.00
20220907	0	1835.03	1837.66	1811.01	1818.01
20220908	0	1820.00	1832.00	1815.00	1815.00
20220909	0	1825.00	1852.00	1816.00	1844.79
20220913	0	1880.00	1888.38	1858.23	1879.00
20220914	0	1864.01	1880.00	1863.00	1869.00
20220915	0	1870.00	1893.12	1869.96	1880.00
20220916	0	1871.80	1885.60	1855.11	1859.00
20220919	0	1855.00	1888.59	1852.88	1871.64
20220920	0	1869.98	1884.60	1858.55	1878.00
20220921	0	1876.67	1883.00	1848.00	1848.00
20220922	0	1840.00	1841.02	1816.85	1820.81
20220923	0	1820.81	1855.00	1820.81	1834.43
20220926	0	1820.00	1888.00	1819.98	1863.00
20220927	0	1868.86	1897.00	1851.11	1888.00
20220928	0	1880.50	1899.40	1874.01	1883.00
20220929	0	1897.98	1902.18	1871.13	1880.35
20220930	0	1898.62	1901.99	1866.00	1872.50
20221010	0	1890.00	1891.00	1780.20	1786.00
20221011	0	1789.00	1806.00	1760.00	1779.99
20221012	0	1773.66	1779.00	1708.00	1760.00
20221013	0	1720.46	1735.00	1697.00	1699.99
20221014	0	1710.00	1755.00	1701.94	1737.61
20221017	0	1726.00	1727.99	1697.80	1718.50
20221018	0	1725.00	1730.00	1701.00	1705.83
20221019	0	1701.98	1701.98	1648.00	1648.00
20221020	0	1621.00	1668.43	1611.00	1643.50
20221021	0	1640.00	1647.80	1610.00	1624.00
20221024	0	1570.00	1589.00	1488.01	1501.28
20221025	0	1479.42	1515.00	1472.00	1479.75
20221026	0	1488.80	1514.99	1460.00	1464.08
20221027	0	1480.00	1487.98	1383.85	1401.00
20221028	0	1390.77	1406.00	1358.71	1360.00
20221031	0	1350.00	1382.01	1333.00	1350.00
20221101	0	1359.00	1469.40	1359.00	1462.01
20221102	0	1460.00	1506.00	1436.00	1471.96
20221103	0	1443.57	1462.50	1428.10	1439.50
20221104	0	1437.96	1527.77	1437.96	1516.57
20221107	0	1494.05	1518.48	1486.59	1507.11
20221108	0	1508.00	1517.99	1468.96	1484.88
20221109	0	1483.95	1488.88	1450.00	1459.90
20221110	0	1444.00	1485.00	1435.15	1475.00
20221111	0	1528.00	1544.45	1494.98	1528.15
20221114	0	1543.50	1563.53	1528.00	1533.00
20221115	0	1532.00	1598.97	1521.00	1588.00
20221116	0	1581.00	1598.00	1568.00	1585.25
20221117	0	1590.50	1596.30	1552.88	1567.00
20221118	0	1576.00	1584.00	1556.00	1567.13
20221121	0	1541.35	1541.35	1498.53	1519.98
20221122	0	1517.44	1559.74	1516.11	1539.95
20221123	0	1528.00	1557.00	1521.04	1549.00
20221124	0	1559.00	1568.88	1513.98	1519.99
20221125	0	1520.51	1532.00	1510.00	1522.01
20221128	0	1484.78	1515.00	1451.00	1509.88
20221129	0	1569.56	1600.00	1551.00	1599.00
20221130	0	1587.12	1604.00	1585.00	1599.00
20221201	0	1660.00	1680.00	1630.79	1630.80
20221202	0	1635.00	1652.99	1621.20	1633.88
20221205	0	1668.00	1679.00	1649.00	1664.90
20221206	0	1655.00	1726.90	1652.00	1688.00
20221207	0	1677.81	1720.00	1670.03	1684.00
20221208	0	1682.00	1695.00	1665.00	1687.02
20221209	0	1692.00	1730.00	1682.00	1730.00
20221212	0	1715.86	1766.00	1715.00	1739.02
20221213	0	1737.00	1760.69	1730.00	1750.00
20221214	0	1743.00	1780.80	1743.00	1770.87
20221215	0	1805.00	1816.00	1780.00	1786.99
20221216	0	1773.25	1791.00	1743.00	1786.87
20221219	0	1798.80	1798.80	1760.17	1773.00
20221220	0	1765.33	1765.33	1682.45	1715.00
20221221	0	1724.00	1739.00	1717.65	1739.00
20221222	0	1756.70	1783.00	1745.00	1768.00
20221223	0	1752.40	1782.00	1745.00	1771.00
20221226	0	1771.00	1771.00	1735.02	1742.06
20221227	0	1738.00	1747.15	1725.50	1733.00
20221228	0	1745.88	1747.00	1708.01	1733.00
20221229	0	1717.00	1726.99	1701.05	1719.00
20221230	0	1736.00	1752.99	1727.00	1727.00
20230103	0	1731.20	1738.43	1706.01	1730.01
20230104	0	1730.00	1738.70	1716.00	1725.01
20230105	0	1737.00	1801.00	1733.00	1801.00
20230106	0	1806.12	1811.90	1787.00	1803.77
20230109	0	1835.00	1849.98	1807.82	1841.20
20230110	0	1839.06	1864.50	1830.50	1854.45
20230111	0	1856.00	1860.00	1836.84	1844.95
20230112	0	1848.00	1856.00	1833.00	1834.00
20230113	0	1844.18	1888.00	1840.00	1887.00
20230116	0	1886.00	1935.00	1881.00	1912.90
20230117	0	1913.16	1923.00	1895.00	1908.00
20230118	0	1914.00	1925.30	1890.00	1893.00
20230119	0	1892.50	1892.52	1866.00	1880.21
20230120	0	1889.19	1898.25	1858.00	1860.01
20230130	0	1909.00	1909.00	1880.00	1888.00
20230131	0	1896.50	1899.95	1833.07	1845.76
20230201	0	1854.98	1859.00	1811.40	1844.97
20230202	0	1848.38	1859.00	1826.00	1836.11
20230203	0	1820.00	1826.00	1795.68	1818.00
20230206	0	1780.00	1795.00	1760.00	1795.00
20230207	0	1808.08	1808.80	1787.73	1797.00
20230208	0	1800.01	1805.97	1775.00	1784.00
20230209	0	1778.00	1829.75	1775.01	1818.00
20230210	0	1810.10	1818.49	1801.05	1810.00
20230213	0	1810.00	1874.50	1810.00	1856.35
20230214	0	1856.46	1857.40	1835.00	1843.79
20230215	0	1843.78	1855.30	1835.81	1841.00
20230216	0	1841.34	1887.00	1828.00	1861.82
20230217	0	1850.16	1873.00	1820.05	1820.78
20230220	0	1821.00	1878.80	1817.20	1875.00
20230221	0	1874.00	1874.00	1851.00	1867.00
20230222	0	1855.01	1863.90	1831.80	1836.00
20230223	0	1840.00	1848.80	1805.25	1818.00
20230224	0	1810.11	1810.19	1782.18	1788.00
20230227	0	1778.50	1815.00	1775.02	1810.41
20230228	0	1819.00	1822.01	1783.30	1813.74
20230301	0	1813.00	1848.00	1803.23	1838.53
20230302	0	1829.00	1838.99	1821.10	1828.00
20230303	0	1839.77	1841.61	1802.48	1818.04
20230306	0	1818.18	1818.50	1796.77	1807.14
20230307	0	1805.98	1816.60	1788.00	1788.30
20230308	0	1780.02	1785.94	1761.12	1770.42
20230309	0	1768.00	1785.00	1740.00	1770.02
20230310	0	1751.57	1781.00	1750.00	1750.00
20230313	0	1751.00	1775.00	1749.00	1762.00
20230314	0	1763.78	1779.88	1738.50	1766.00
20230315	0	1778.37	1784.88	1750.12	1750.92
20230316	0	1740.00	1770.00	1739.01	1751.99
20230317	0	1770.00	1775.89	1736.00	1742.00
20230320	0	1751.00	1755.00	1728.00	1729.60
20230321	0	1735.00	1785.85	1723.97	1775.00
20230322	0	1780.00	1793.00	1765.55	1773.35
20230323	0	1766.00	1791.11	1765.01	1774.86
20230324	0	1769.08	1783.60	1766.00	1778.62
20230327	0	1778.60	1778.60	1756.00	1767.79
20230328	0	1770.00	1790.00	1765.02	1781.80
20230329	0	1799.00	1800.00	1785.07	1790.00
20230330	0	1793.00	1805.00	1779.00	1800.00
20230331	0	1825.00	1848.00	1819.00	1820.00
20230403	0	1825.00	1827.77	1800.08	1802.07
20230404	0	1812.00	1815.17	1787.00	1814.59
20230406	0	1805.00	1815.90	1788.22	1796.96
20230407	0	1795.00	1806.01	1788.34	1790.99
20230410	0	1790.88	1790.88	1744.00	1771.70
20230411	0	1793.00	1793.00	1744.00	1745.50
20230412	0	1747.26	1750.00	1692.82	1694.10
20230413	0	1690.00	1723.59	1684.01	1723.00
20230414	0	1726.00	1733.00	1704.80	1713.42
20230417	0	1740.00	1753.00	1728.00	1753.00
20230418	0	1753.00	1769.00	1746.02	1758.00
20230419	0	1762.00	1765.50	1750.00	1759.00
20230420	0	1760.11	1765.00	1729.00	1741.88
20230421	0	1746.00	1748.08	1721.28	1725.47
20230424	0	1721.00	1722.00	1701.00	1705.00
20230425	0	1706.00	1735.98	1702.00	1730.38
20230426	0	1744.00	1761.00	1720.00	1743.91
20230427	0	1748.00	1770.00	1730.00	1757.92
20230428	0	1763.01	1782.77	1753.97	1760.52
20230504	0	1769.00	1777.67	1736.00	1749.90
20230505	0	1766.00	1766.00	1736.39	1750.00
20230508	0	1768.32	1769.00	1717.17	1720.52
20230509	0	1715.00	1739.98	1707.07	1722.00
20230510	0	1715.19	1736.00	1715.00	1725.00
20230511	0	1731.00	1735.00	1715.00	1717.07
20230512	0	1715.00	1729.88	1705.01	1706.40
20230515	0	1702.00	1717.00	1691.20	1716.30
20230516	0	1713.99	1719.99	1697.00	1703.29
20230517	0	1708.00	1713.00	1699.01	1701.00
20230518	0	1704.99	1705.40	1690.00	1691.00
20230519	0	1671.00	1704.33	1655.55	1699.50
20230522	0	1690.01	1752.00	1690.00	1746.00
20230523	0	1753.99	1754.00	1724.55	1724.55
20230524	0	1732.33	1733.55	1710.11	1710.90
20230525	0	1705.99	1710.00	1690.00	1701.00
20230526	0	1702.00	1705.00	1675.01	1690.56
20230529	0	1697.00	1698.35	1678.00	1689.00
20230530	0	1689.00	1698.89	1658.56	1668.29
20230531	0	1661.01	1665.72	1626.67	1628.90
20230601	0	1618.00	1674.99	1618.00	1635.92
20230602	0	1645.00	1673.15	1636.11	1670.60
20230605	0	1666.16	1682.88	1663.00	1665.00
20230606	0	1670.00	1684.00	1651.55	1666.99
20230607	0	1672.99	1678.80	1650.00	1650.90
20230608	0	1655.83	1675.00	1650.01	1668.00
20230609	0	1671.99	1677.97	1666.00	1666.00
20230612	0	1666.02	1708.00	1661.52	1696.00
20230613	0	1693.88	1704.61	1685.00	1699.00
20230614	0	1719.00	1734.24	1706.21	1726.88
20230615	0	1730.34	1755.65	1723.00	1755.00
20230616	0	1757.00	1800.00	1750.10	1797.69
20230619	0	1790.00	1797.95	1738.00	1744.00
20230620	0	1740.00	1765.00	1735.00	1743.46
20230621	0	1740.00	1756.60	1735.00	1735.83
20230626	0	1720.11	1730.00	1695.00	1709.00
20230627	0	1709.99	1719.70	1700.09	1711.05
20230628	0	1713.18	1734.00	1711.00	1728.38
20230629	0	1731.00	1734.99	1713.01	1713.71
20230630	0	1700.00	1708.99	1686.48	1691.00
20230703	0	1699.00	1725.28	1692.00	1724.10
20230704	0	1724.20	1734.44	1718.08	1730.60
20230705	0	1730.00	1731.97	1700.00	1715.38
20230706	0	1709.16	1733.00	1700.00	1702.98
20230707	0	1701.00	1708.99	1690.00	1690.03
20230710	0	1705.00	1714.96	1700.00	1700.90
20230711	0	1710.00	1715.17	1702.10	1710.00
20230712	0	1713.04	1723.00	1711.33	1713.80
20230713	0	1721.99	1745.41	1719.01	1738.40
20230714	0	1756.00	1758.50	1741.20	1753.00
20230717	0	1751.00	1751.00	1726.60	1729.97
20230718	0	1733.58	1734.51	1721.00	1722.80
20230719	0	1715.01	1728.00	1713.80	1723.00
20230720	0	1727.99	1748.98	1722.00	1724.00
20230721	0	1731.88	1772.50	1726.00	1771.30
20230724	0	1750.52	1771.15	1750.52	1771.15
20230725	0	1800.00	1828.88	1799.99	1828.55
20230726	0	1828.55	1835.99	1815.08	1828.55
20230727	0	1836.00	1854.79	1828.70	1838.03
20230728	0	1832.00	1900.00	1828.01	1897.00
20230731	0	1908.00	1935.00	1874.00	1880.58
20230801	0	1878.01	1906.95	1877.89	1889.00
20230802	0	1883.40	1890.00	1866.80	1880.00
20230803	0	1870.00	1890.00	1850.50	1878.47
20230804	0	1887.82	1906.52	1882.00	1893.47
20230807	0	1880.95	1898.00	1871.03	1887.93
20230808	0	1880.03	1893.71	1864.08	1890.00
20230809	0	1890.00	1905.00	1882.96	1890.28
20230810	0	1882.00	1889.00	1862.30	1875.00
20230811	0	1885.00	1885.40	1833.88	1834.00
20230814	0	1810.00	1824.98	1796.00	1803.00
20230815	0	1809.00	1818.00	1801.01	1812.98
20230816	0	1807.58	1823.35	1806.00	1820.00
20230817	0	1806.08	1834.00	1801.55	1828.05
20230818	0	1831.99	1834.99	1802.59	1802.59
20230821	0	1793.00	1813.99	1790.07	1791.00
20230822	0	1800.99	1802.56	1771.02	1788.00
20230823	0	1797.00	1800.00	1770.08	1774.00
20230824	0	1779.62	1828.00	1775.00	1816.30
20230825	0	1808.79	1837.77	1806.01	1824.98
20230828	0	1898.58	1898.58	1831.88	1834.97
20230829	0	1828.00	1869.08	1828.00	1851.33
20230830	0	1867.90	1868.00	1843.66	1856.00
20230831	0	1860.00	1860.00	1841.01	1847.00
20230901	0	1852.83	1865.47	1846.03	1851.05
20230904	0	1862.60	1879.94	1853.53	1866.00
20230905	0	1868.00	1868.00	1856.80	1858.70
20230906	0	1858.00	1866.66	1849.01	1861.00
20230907	0	1852.60	1856.89	1831.19	1838.00
20230908	0	1834.94	1834.94	1814.95	1818.50
20230911	0	1808.00	1840.00	1808.00	1822.17
20230912	0	1826.60	1826.98	1816.02	1819.96
20230913	0	1829.92	1829.92	1800.05	1819.91
20230914	0	1822.53	1826.98	1806.00	1818.69
20230915	0	1819.00	1819.78	1781.30	1781.99
20230918	0	1776.31	1829.50	1773.00	1829.20
20230919	0	1822.20	1829.00	1808.00	1826.94
20230920	0	1822.00	1830.00	1818.05	1824.00
20230921	0	1818.01	1822.00	1798.39	1798.39
20230922	0	1805.63	1849.96	1792.41	1849.00
20230925	0	1847.50	1848.00	1826.59	1832.38
20230926	0	1828.00	1834.88	1813.10	1816.00
20230927	0	1815.00	1833.50	1802.80	1814.00
20230928	0	1824.98	1824.98	1797.80	1798.55
20231009	0	1796.94	1796.94	1764.90	1777.00
20231010	0	1782.89	1798.98	1768.00	1770.00
20231011	0	1784.65	1784.65	1768.00	1778.50
20231012	0	1797.90	1798.23	1777.20	1786.00
20231013	0	1770.88	1778.01	1738.19	1751.00
20231016	0	1750.98	1756.00	1722.45	1729.90
20231017	0	1739.00	1739.44	1716.00	1726.00
20231018	0	1718.80	1742.00	1717.18	1728.00
20231019	0	1700.00	1700.03	1626.03	1630.00
20231020	0	1630.00	1655.00	1616.25	1645.00
20231023	0	1629.97	1660.00	1621.60	1643.98
20231024	0	1648.00	1653.36	1621.21	1642.95
20231025	0	1670.11	1698.00	1667.02	1677.50
20231026	0	1667.00	1688.00	1662.01	1672.23
20231027	0	1664.00	1691.88	1660.60	1676.71
20231030	0	1669.00	1688.88	1669.00	1681.00
20231031	0	1680.00	1690.00	1667.85	1684.58
20231101	0	1850.00	1850.00	1773.79	1780.99
20231102	0	1795.00	1795.00	1776.06	1779.50
20231103	0	1780.00	1814.89	1774.00	1811.24
20231106	0	1820.00	1823.79	1801.12	1812.00
20231107	0	1805.00	1810.00	1784.08	1791.17
20231108	0	1784.05	1803.80	1782.87	1798.34
20231109	0	1790.11	1799.00	1783.00	1794.11
20231110	0	1780.55	1788.00	1773.10	1775.84
20231113	0	1772.28	1784.88	1756.98	1764.00
20231114	0	1764.00	1774.99	1760.01	1765.27
20231115	0	1779.00	1782.89	1767.00	1772.93
20231116	0	1774.00	1776.00	1760.05	1760.05
20231117	0	1752.00	1759.00	1737.90	1753.42
20231120	0	1755.00	1769.50	1736.66	1762.50
